0 100 5 0 0 0 
0.125 95.4585 3.97561 0.0418485 5.02182 0.502182 
0.25 92.0612 3.07208 0.0499581 8.92437 0.892437 
0.375 89.5528 2.3252 0.0455107 11.8877 1.18877 
0.5 87.717 1.73373 0.0374122 14.1017 1.41017 
0.625 86.3815 1.27884 0.029214 15.7367 1.57367 
0.75 85.414 0.936002 0.0221533 16.9344 1.69344 
0.875 84.7149 0.681261 0.0164989 17.8066 1.78066 
1 84.2109 0.493864 0.0121455 18.4391 1.84391 
1.125 83.848 0.356986 0.00887162 18.8965 1.88965 
1.25 83.587 0.257511 0.00644606 19.2264 1.92264 
1.375 83.3993 0.18548 0.00466655 19.4641 1.94641 
1.5 83.2645 0.133455 0.00336965 19.6351 1.96351 
1.625 83.1677 0.0959487 0.00242879 19.7581 1.97581 
1.75 83.0982 0.0689455 0.00174839 19.8465 1.98465 
1.875 83.0483 0.0495224 0.00125745 19.9099 1.99099 
2 83.0125 0.0355611 0.00090378 19.9555 1.99555 
2.125 82.9867 0.0255305 0.000649281 19.9882 1.99882 
2.25 82.9683 0.0183266 0.000466293 20.0117 2.00117 
2.375 82.9551 0.013154 0.000334797 20.0286 2.00286 
2.5 82.9455 0.00944064 0.000240342 20.0407 2.00407 
2.625 82.9387 0.00677519 0.000172515 20.0494 2.00494 
2.75 82.9338 0.00486212 0.000123818 20.0556 2.00556 
2.875 82.9303 0.00348913 8.88615e-05 20.0601 2.00601 
3 82.9278 0.0025038 6.37712e-05 20.0633 2.00633 
3.125 82.926 0.0017967 4.57637e-05 20.0656 2.00656 
3.25 82.9247 0.00128928 3.28403e-05 20.0673 2.00673 
3.375 82.9238 0.00092516 2.3566e-05 20.0684 2.00684 
3.5 82.9231 0.000663871 1.69107e-05 20.0693 2.00693 
3.625 82.9226 0.000476375 1.21347e-05 20.0699 2.00699 
3.75 82.9223 0.000341832 8.7076e-06 20.0703 2.00703 
3.875 82.922 0.000245288 6.24834e-06 20.0707 2.00707 
4 82.9218 0.000176011 4.48362e-06 20.0709 2.00709 
4.125 82.9217 0.000126299 3.21731e-06 20.071 2.0071 
4.25 82.9216 9.06281e-05 2.30863e-06 20.0712 2.00712 
4.375 82.9216 6.50316e-05 1.6566e-06 20.0712 2.00712 
4.5 82.9215 4.66644e-05 1.18872e-06 20.0713 2.00713 
4.625 82.9215 3.34848e-05 8.52985e-07 20.0713 2.00713 
4.75 82.9215 2.40275e-05 6.12072e-07 20.0714 2.00714 
4.875 82.9214 1.72413e-05 4.39202e-07 20.0714 2.00714 
5 82.9214 1.23717e-05 3.15156e-07 20.0714 2.00714 
5.125 82.9214 8.87753e-06 2.26145e-07 20.0714 2.00714 
5.25 82.9214 6.3702e-06 1.62274e-07 20.0714 2.00714 
5.375 82.9214 4.57103e-06 1.16442e-07 20.0714 2.00714 
5.5 82.9214 3.28001e-06 8.35546e-08 20.0714 2.00714 
5.625 82.9214 2.35362e-06 5.99558e-08 20.0714 2.00714 
5.75 82.9214 1.68887e-06 4.30222e-08 20.0715 2.00715 
5.875 82.9214 1.21188e-06 3.08712e-08 20.0715 2.00715 
6 82.9214 8.696e-07 2.21521e-08 20.0715 2.00715 
6.125 82.9214 6.23994e-07 1.58956e-08 20.0715 2.00715 
6.25 82.9214 4.47756e-07 1.14061e-08 20.0715 2.00715 
6.375 82.9214 3.21294e-07 8.18461e-09 20.0715 2.00715 
6.5 82.9214 2.30549e-07 5.87299e-09 20.0715 2.00715 
6.625 82.9214 1.65434e-07 4.21425e-09 20.0715 2.00715 
6.75 82.9214 1.1871e-07 3.024e-09 20.0715 2.00715 
6.875 82.9214 8.51819e-08 2.16991e-09 20.0715 2.00715 
7 82.9214 6.11235e-08 1.55705e-09 20.0715 2.00715 
7.125 82.9214 4.38601e-08 1.11729e-09 20.0715 2.00715 
7.25 82.9214 3.14724e-08 8.01725e-10 20.0715 2.00715 
7.375 82.9214 2.25835e-08 5.7529e-10 20.0715 2.00715 
7.5 82.9214 1.62051e-08 4.12808e-10 20.0715 2.00715 
7.625 82.9214 1.16282e-08 2.96216e-10 20.0715 2.00715 
7.75 82.9214 7.05133e-09 1.79625e-10 20.0715 2.00715 
7.875 82.9214 4.27591e-09 1.08924e-10 20.0715 2.00715 
8 82.9214 2.5929e-09 6.60512e-11 20.0715 2.00715 
8.125 82.9214 1.57233e-09 4.00533e-11 20.0715 2.00715 
8.25 82.9214 9.53456e-10 2.42882e-11 20.0715 2.00715 
8.375 82.9214 5.78173e-10 1.47283e-11 20.0715 2.00715 
8.5 82.9214 3.50603e-10 8.93121e-12 20.0715 2.00715 
8.625 82.9214 2.12605e-10 5.41586e-12 20.0715 2.00715 
8.75 82.9214 1.28923e-10 3.28417e-12 20.0715 2.00715 
8.875 82.9214 7.81785e-11 1.99151e-12 20.0715 2.00715 
9 82.9214 4.74073e-11 1.20765e-12 20.0715 2.00715 
9.125 82.9214 2.87476e-11 7.32314e-13 20.0715 2.00715 
9.25 82.9214 1.74325e-11 4.44073e-13 20.0715 2.00715 
9.375 82.9214 1.0571e-11 2.69285e-13 20.0715 2.00715 
9.5 82.9214 6.41024e-12 1.63294e-13 20.0715 2.00715 
9.625 82.9214 3.88715e-12 9.90209e-14 20.0715 2.00715 
9.75 82.9214 2.35716e-12 6.0046e-14 20.0715 2.00715 
9.875 82.9214 1.42938e-12 3.64118e-14 20.0715 2.00715 
10 82.9214 8.6677e-13 2.208e-14 20.0715 2.00715 
