0 0.01 0.25 0.5
0.01 0.0099999 0.722256 2.28605
0.02 0.0099998 0.997895 2.98658
0.03 0.0099997 1.17964 3.35522
0.04 0.0099996 1.30937 3.58343
0.05 0.0099995 1.40722 3.73966
0.06 0.0099994 1.48406 3.85408
0.07 0.0099993 1.54628 3.942
0.08 0.0099992 1.59789 4.01202
0.09 0.0099991 1.64152 4.06933
0.1 0.009999 1.679 4.11729
0.11 0.0099989 1.71162 4.15812
0.12 0.0099988 1.74033 4.1934
0.13 0.0099987 1.76583 4.22425
0.14 0.0099986 1.78868 4.25152
0.15 0.0099985 1.80929 4.27584
0.16 0.0099984 1.82801 4.29769
0.17 0.0099983 1.84509 4.31746
0.18 0.0099982 1.86077 4.33545
0.19 0.0099981 1.87522 4.35192
0.2 0.009998 1.8886 4.36705
0.21 0.0099979 1.90102 4.38103
0.22 0.0099978 1.9126 4.39399
0.23 0.0099977 1.92342 4.40604
0.24 0.0099976 1.93357 4.41729
0.25 0.0099975 1.94311 4.42782
0.26 0.0099974 1.9521 4.4377
0.27 0.0099973 1.96058 4.44699
0.28 0.0099972 1.96861 4.45576
0.29 0.0099971 1.97622 4.46405
0.3 0.009997 1.98345 4.47189
0.31 0.0099969 1.99032 4.47934
0.32 0.0099968 1.99687 4.48641
0.33 0.0099967 2.00312 4.49314
0.34 0.0099966 2.0091 4.49957
0.35 0.0099965 2.01481 4.5057
0.36 0.0099964 2.02029 4.51156
0.37 0.0099963 2.02554 4.51717
0.38 0.0099962 2.03058 4.52255
0.39 0.0099961 2.03543 4.52771
0.4 0.009996 2.04009 4.53266
0.41 0.0099959 2.04458 4.53743
0.42 0.0099958 2.04891 4.54202
0.43 0.0099957 2.05308 4.54644
0.44 0.0099956 2.05711 4.5507
0.45 0.0099955 2.06101 4.55481
0.46 0.0099954 2.06478 4.55878
0.47 0.0099953 2.06842 4.56262
0.48 0.0099952 2.07195 4.56634
0.49 0.0099951 2.07537 4.56993
0.5 0.009995 2.07869 4.57342
0.51 0.0099949 2.08191 4.57679
0.52 0.0099948 2.08503 4.58007
0.53 0.0099947 2.08807 4.58325
0.54 0.0099946 2.09102 4.58633
0.55 0.0099945 2.09389 4.58933
0.56 0.0099944 2.09668 4.59225
0.57 0.0099943 2.09939 4.59508
0.58 0.00999421 2.10204 4.59784
0.59 0.00999411 2.10462 4.60053
0.6 0.00999401 2.10713 4.60314
0.61 0.00999391 2.10958 4.60569
0.62 0.00999381 2.11197 4.60818
0.63 0.00999371 2.1143 4.6106
0.64 0.00999361 2.11658 4.61296
0.65 0.00999351 2.1188 4.61527
0.66 0.00999341 2.12097 4.61753
0.67 0.00999331 2.12309 4.61973
0.68 0.00999321 2.12517 4.62188
0.69 0.00999311 2.1272 4.62398
0.7 0.00999301 2.12919 4.62604
0.71 0.00999291 2.13113 4.62805
0.72 0.00999281 2.13303 4.63002
0.73 0.00999271 2.1349 4.63194
0.74 0.00999261 2.13672 4.63383
0.75 0.00999251 2.13851 4.63568
0.76 0.00999241 2.14026 4.63749
0.77 0.00999231 2.14198 4.63926
0.78 0.00999221 2.14366 4.641
0.79 0.00999211 2.14532 4.6427
0.8 0.00999201 2.14694 4.64437
0.81 0.00999191 2.14853 4.64601
0.82 0.00999181 2.15009 4.64762
0.83 0.00999171 2.15162 4.64919
0.84 0.00999161 2.15312 4.65074
0.85 0.00999151 2.1546 4.65226
0.86 0.00999141 2.15605 4.65376
0.87 0.00999131 2.15748 4.65522
0.88 0.00999121 2.15888 4.65666
0.89 0.00999111 2.16026 4.65808
0.9 0.00999101 2.16161 4.65947
0.91 0.00999091 2.16295 4.66084
0.92 0.00999081 2.16426 4.66218
0.93 0.00999071 2.16555 4.66351
0.94 0.00999061 2.16681 4.66481
0.95 0.00999051 2.16806 4.66609
0.96 0.00999041 2.16929 4.66735
0.97 0.00999031 2.1705 4.66859
0.98 0.00999021 2.17169 4.66981
0.99 0.00999011 2.17286 4.67101
1 0.00999002 2.17401 4.67219
1.01 0.00998992 2.17515 4.67335
1.02 0.00998982 2.17627 4.6745
1.03 0.00998972 2.17737 4.67563
1.04 0.00998962 2.17846 4.67674
1.05 0.00998952 2.17953 4.67784
1.06 0.00998942 2.18059 4.67892
1.07 0.00998932 2.18163 4.67998
1.08 0.00998922 2.18266 4.68103
1.09 0.00998912 2.18367 4.68207
1.1 0.00998902 2.18467 4.68309
1.11 0.00998892 2.18565 4.6841
1.12 0.00998882 2.18662 4.68509
1.13 0.00998872 2.18758 4.68607
1.14 0.00998862 2.18853 4.68703
1.15 0.00998852 2.18946 4.68799
1.16 0.00998842 2.19038 4.68893
1.17 0.00998832 2.19129 4.68985
1.18 0.00998822 2.19219 4.69077
1.19 0.00998812 2.19308 4.69168
1.2 0.00998802 2.19395 4.69257
1.21 0.00998792 2.19481 4.69345
1.22 0.00998782 2.19567 4.69432
1.23 0.00998772 2.19651 4.69518
1.24 0.00998762 2.19734 4.69603
1.25 0.00998752 2.19816 4.69687
1.26 0.00998742 2.19898 4.69769
1.27 0.00998732 2.19978 4.69851
1.28 0.00998722 2.20057 4.69932
1.29 0.00998713 2.20136 4.70012
1.3 0.00998703 2.20213 4.70091
1.31 0.00998693 2.2029 4.70169
1.32 0.00998683 2.20365 4.70246
1.33 0.00998673 2.2044 4.70322
1.34 0.00998663 2.20514 4.70397
1.35 0.00998653 2.20587 4.70472
1.36 0.00998643 2.2066 4.70545
1.37 0.00998633 2.20731 4.70618
1.38 0.00998623 2.20802 4.7069
1.39 0.00998613 2.20872 4.70761
1.4 0.00998603 2.20941 4.70832
1.41 0.00998593 2.2101 4.70902
1.42 0.00998583 2.21077 4.7097
1.43 0.00998573 2.21145 4.71039
1.44 0.00998563 2.21211 4.71106
1.45 0.00998553 2.21276 4.71173
1.46 0.00998543 2.21341 4.71239
1.47 0.00998533 2.21406 4.71304
1.48 0.00998523 2.21469 4.71369
1.49 0.00998513 2.21532 4.71433
1.5 0.00998503 2.21595 4.71496
1.51 0.00998493 2.21656 4.71559
1.52 0.00998483 2.21718 4.71621
1.53 0.00998474 2.21778 4.71682
1.54 0.00998464 2.21838 4.71743
1.55 0.00998454 2.21897 4.71804
1.56 0.00998444 2.21956 4.71863
1.57 0.00998434 2.22014 4.71922
1.58 0.00998424 2.22072 4.71981
1.59 0.00998414 2.22129 4.72039
1.6 0.00998404 2.22185 4.72096
1.61 0.00998394 2.22241 4.72153
1.62 0.00998384 2.22297 4.72209
1.63 0.00998374 2.22352 4.72265
1.64 0.00998364 2.22406 4.7232
1.65 0.00998354 2.2246 4.72375
1.66 0.00998344 2.22514 4.72429
1.67 0.00998334 2.22567 4.72483
1.68 0.00998324 2.22619 4.72536
1.69 0.00998314 2.22671 4.72589
1.7 0.00998304 2.22723 4.72641
1.71 0.00998294 2.22774 4.72693
1.72 0.00998284 2.22825 4.72745
1.73 0.00998275 2.22875 4.72796
1.74 0.00998265 2.22925 4.72846
1.75 0.00998255 2.22974 4.72896
1.76 0.00998245 2.23023 4.72946
1.77 0.00998235 2.23071 4.72995
1.78 0.00998225 2.2312 4.73044
1.79 0.00998215 2.23167 4.73092
1.8 0.00998205 2.23215 4.7314
1.81 0.00998195 2.23261 4.73187
1.82 0.00998185 2.23308 4.73235
1.83 0.00998175 2.23354 4.73281
1.84 0.00998165 2.234 4.73328
1.85 0.00998155 2.23445 4.73374
1.86 0.00998145 2.2349 4.73419
1.87 0.00998135 2.23535 4.73464
1.88 0.00998125 2.23579 4.73509
1.89 0.00998115 2.23623 4.73554
1.9 0.00998105 2.23667 4.73598
1.91 0.00998095 2.2371 4.73642
1.92 0.00998086 2.23753 4.73685
1.93 0.00998076 2.23795 4.73728
1.94 0.00998066 2.23837 4.73771
1.95 0.00998056 2.23879 4.73813
1.96 0.00998046 2.23921 4.73855
1.97 0.00998036 2.23962 4.73897
1.98 0.00998026 2.24003 4.73939
1.99 0.00998016 2.24044 4.7398
2 0.00998006 2.24084 4.7402
2.01 0.00997996 2.24124 4.74061
2.02 0.00997986 2.24164 4.74101
2.03 0.00997976 2.24203 4.74141
2.04 0.00997966 2.24242 4.74181
2.05 0.00997956 2.24281 4.7422
2.06 0.00997946 2.2432 4.74259
2.07 0.00997936 2.24358 4.74298
2.08 0.00997926 2.24396 4.74336
2.09 0.00997917 2.24434 4.74374
2.1 0.00997907 2.24471 4.74412
2.11 0.00997897 2.24508 4.7445
2.12 0.00997887 2.24545 4.74487
2.13 0.00997877 2.24582 4.74524
2.14 0.00997867 2.24618 4.74561
2.15 0.00997857 2.24654 4.74597
2.16 0.00997847 2.2469 4.74634
2.17 0.00997837 2.24726 4.7467
2.18 0.00997827 2.24761 4.74706
2.19 0.00997817 2.24796 4.74741
2.2 0.00997807 2.24831 4.74776
2.21 0.00997797 2.24866 4.74811
2.22 0.00997787 2.249 4.74846
2.23 0.00997777 2.24935 4.74881
2.24 0.00997768 2.24969 4.74915
2.25 0.00997758 2.25002 4.74949
2.26 0.00997748 2.25036 4.74983
2.27 0.00997738 2.25069 4.75017
2.28 0.00997728 2.25102 4.7505
2.29 0.00997718 2.25135 4.75083
2.3 0.00997708 2.25168 4.75116
2.31 0.00997698 2.252 4.75149
2.32 0.00997688 2.25232 4.75182
2.33 0.00997678 2.25264 4.75214
2.34 0.00997668 2.25296 4.75246
2.35 0.00997658 2.25328 4.75278
2.36 0.00997648 2.25359 4.7531
2.37 0.00997638 2.2539 4.75341
2.38 0.00997628 2.25421 4.75372
2.39 0.00997619 2.25452 4.75403
2.4 0.00997609 2.25483 4.75434
2.41 0.00997599 2.25513 4.75465
2.42 0.00997589 2.25543 4.75496
2.43 0.00997579 2.25573 4.75526
2.44 0.00997569 2.25603 4.75556
2.45 0.00997559 2.25633 4.75586
2.46 0.00997549 2.25662 4.75616
2.47 0.00997539 2.25692 4.75645
2.48 0.00997529 2.25721 4.75675
2.49 0.00997519 2.2575 4.75704
2.5 0.00997509 2.25778 4.75733
2.51 0.00997499 2.25807 4.75762
2.52 0.0099749 2.25835 4.75791
2.53 0.0099748 2.25864 4.75819
2.54 0.0099747 2.25892 4.75847
2.55 0.0099746 2.2592 4.75876
2.56 0.0099745 2.25947 4.75904
2.57 0.0099744 2.25975 4.75931
2.58 0.0099743 2.26002 4.75959
2.59 0.0099742 2.2603 4.75987
2.6 0.0099741 2.26057 4.76014
2.61 0.009974 2.26084 4.76041
2.62 0.0099739 2.26111 4.76068
2.63 0.0099738 2.26137 4.76095
2.64 0.0099737 2.26164 4.76122
2.65 0.00997361 2.2619 4.76148
2.66 0.00997351 2.26216 4.76175
2.67 0.00997341 2.26242 4.76201
2.68 0.00997331 2.26268 4.76227
2.69 0.00997321 2.26294 4.76253
2.7 0.00997311 2.26319 4.76279
2.71 0.00997301 2.26345 4.76305
2.72 0.00997291 2.2637 4.7633
2.73 0.00997281 2.26395 4.76356
2.74 0.00997271 2.2642 4.76381
2.75 0.00997261 2.26445 4.76406
2.76 0.00997251 2.2647 4.76431
2.77 0.00997241 2.26495 4.76456
2.78 0.00997232 2.26519 4.76481
2.79 0.00997222 2.26544 4.76505
2.8 0.00997212 2.26568 4.7653
2.81 0.00997202 2.26592 4.76554
2.82 0.00997192 2.26616 4.76578
2.83 0.00997182 2.2664 4.76602
2.84 0.00997172 2.26664 4.76626
2.85 0.00997162 2.26687 4.7665
2.86 0.00997152 2.26711 4.76674
2.87 0.00997142 2.26734 4.76697
2.88 0.00997132 2.26757 4.76721
2.89 0.00997123 2.2678 4.76744
2.9 0.00997113 2.26803 4.76767
2.91 0.00997103 2.26826 4.7679
2.92 0.00997093 2.26849 4.76813
2.93 0.00997083 2.26871 4.76836
2.94 0.00997073 2.26894 4.76858
2.95 0.00997063 2.26916 4.76881
2.96 0.00997053 2.26939 4.76904
2.97 0.00997043 2.26961 4.76926
2.98 0.00997033 2.26983 4.76948
2.99 0.00997023 2.27005 4.7697
3 0.00997013 2.27027 4.76992
3.01 0.00997004 2.27048 4.77014
3.02 0.00996994 2.2707 4.77036
3.03 0.00996984 2.27092 4.77058
3.04 0.00996974 2.27113 4.77079
3.05 0.00996964 2.27134 4.77101
3.06 0.00996954 2.27155 4.77122
3.07 0.00996944 2.27176 4.77143
3.08 0.00996934 2.27197 4.77164
3.09 0.00996924 2.27218 4.77185
3.1 0.00996914 2.27239 4.77206
3.11 0.00996904 2.2726 4.77227
3.12 0.00996895 2.2728 4.77248
3.13 0.00996885 2.27301 4.77269
3.14 0.00996875 2.27321 4.77289
3.15 0.00996865 2.27342 4.7731
3.16 0.00996855 2.27362 4.7733
3.17 0.00996845 2.27382 4.7735
3.18 0.00996835 2.27402 4.7737
3.19 0.00996825 2.27422 4.7739
3.2 0.00996815 2.27442 4.7741
3.21 0.00996805 2.27461 4.7743
3.22 0.00996796 2.27481 4.7745
3.23 0.00996786 2.275 4.7747
3.24 0.00996776 2.2752 4.77489
3.25 0.00996766 2.27539 4.77509
3.26 0.00996756 2.27558 4.77528
3.27 0.00996746 2.27578 4.77547
3.28 0.00996736 2.27597 4.77567
3.29 0.00996726 2.27616 4.77586
3.3 0.00996716 2.27635 4.77605
3.31 0.00996706 2.27653 4.77624
3.32 0.00996696 2.27672 4.77643
3.33 0.00996687 2.27691 4.77661
3.34 0.00996677 2.27709 4.7768
3.35 0.00996667 2.27728 4.77699
3.36 0.00996657 2.27746 4.77717
3.37 0.00996647 2.27765 4.77736
3.38 0.00996637 2.27783 4.77754
3.39 0.00996627 2.27801 4.77772
3.4 0.00996617 2.27819 4.77791
3.41 0.00996607 2.27837 4.77809
3.42 0.00996597 2.27855 4.77827
3.43 0.00996588 2.27873 4.77845
3.44 0.00996578 2.27891 4.77863
3.45 0.00996568 2.27908 4.7788
3.46 0.00996558 2.27926 4.77898
3.47 0.00996548 2.27943 4.77916
3.48 0.00996538 2.27961 4.77933
3.49 0.00996528 2.27978 4.77951
3.5 0.00996518 2.27995 4.77968
3.51 0.00996508 2.28013 4.77986
3.52 0.00996499 2.2803 4.78003
3.53 0.00996489 2.28047 4.7802
3.54 0.00996479 2.28064 4.78037
3.55 0.00996469 2.28081 4.78054
3.56 0.00996459 2.28098 4.78071
3.57 0.00996449 2.28114 4.78088
3.58 0.00996439 2.28131 4.78105
3.59 0.00996429 2.28148 4.78122
3.6 0.00996419 2.28164 4.78138
3.61 0.00996409 2.28181 4.78155
3.62 0.009964 2.28197 4.78171
3.63 0.0099639 2.28214 4.78188
3.64 0.0099638 2.2823 4.78204
3.65 0.0099637 2.28246 4.78221
3.66 0.0099636 2.28262 4.78237
3.67 0.0099635 2.28279 4.78253
3.68 0.0099634 2.28295 4.78269
3.69 0.0099633 2.28311 4.78285
3.7 0.0099632 2.28327 4.78301
3.71 0.00996311 2.28342 4.78317
3.72 0.00996301 2.28358 4.78333
3.73 0.00996291 2.28374 4.78349
3.74 0.00996281 2.28389 4.78365
3.75 0.00996271 2.28405 4.78381
3.76 0.00996261 2.28421 4.78396
3.77 0.00996251 2.28436 4.78412
3.78 0.00996241 2.28451 4.78427
3.79 0.00996231 2.28467 4.78443
3.8 0.00996222 2.28482 4.78458
3.81 0.00996212 2.28497 4.78473
3.82 0.00996202 2.28512 4.78489
3.83 0.00996192 2.28528 4.78504
3.84 0.00996182 2.28543 4.78519
3.85 0.00996172 2.28558 4.78534
3.86 0.00996162 2.28573 4.78549
3.87 0.00996152 2.28587 4.78564
3.88 0.00996142 2.28602 4.78579
3.89 0.00996133 2.28617 4.78594
3.9 0.00996123 2.28632 4.78608
3.91 0.00996113 2.28646 4.78623
3.92 0.00996103 2.28661 4.78638
3.93 0.00996093 2.28675 4.78652
3.94 0.00996083 2.2869 4.78667
3.95 0.00996073 2.28704 4.78682
3.96 0.00996063 2.28719 4.78696
3.97 0.00996054 2.28733 4.7871
3.98 0.00996044 2.28747 4.78725
3.99 0.00996034 2.28761 4.78739
4 0.00996024 2.28775 4.78753
4.01 0.00996014 2.2879 4.78767
4.02 0.00996004 2.28804 4.78781
4.03 0.00995994 2.28818 4.78796
4.04 0.00995984 2.28832 4.7881
4.05 0.00995974 2.28845 4.78824
4.06 0.00995965 2.28859 4.78837
4.07 0.00995955 2.28873 4.78851
4.08 0.00995945 2.28887 4.78865
4.09 0.00995935 2.289 4.78879
4.1 0.00995925 2.28914 4.78893
4.11 0.00995915 2.28928 4.78906
4.12 0.00995905 2.28941 4.7892
4.13 0.00995895 2.28955 4.78933
4.14 0.00995886 2.28968 4.78947
4.15 0.00995876 2.28981 4.7896
4.16 0.00995866 2.28995 4.78974
4.17 0.00995856 2.29008 4.78987
4.18 0.00995846 2.29021 4.79
4.19 0.00995836 2.29034 4.79014
4.2 0.00995826 2.29048 4.79027
4.21 0.00995816 2.29061 4.7904
4.22 0.00995807 2.29074 4.79053
4.23 0.00995797 2.29087 4.79066
4.24 0.00995787 2.291 4.79079
4.25 0.00995777 2.29113 4.79092
4.26 0.00995767 2.29125 4.79105
4.27 0.00995757 2.29138 4.79118
4.28 0.00995747 2.29151 4.79131
4.29 0.00995737 2.29164 4.79144
4.3 0.00995728 2.29176 4.79156
4.31 0.00995718 2.29189 4.79169
4.32 0.00995708 2.29202 4.79182
4.33 0.00995698 2.29214 4.79194
4.34 0.00995688 2.29227 4.79207
4.35 0.00995678 2.29239 4.7922
4.36 0.00995668 2.29252 4.79232
4.37 0.00995659 2.29264 4.79244
4.38 0.00995649 2.29276 4.79257
4.39 0.00995639 2.29289 4.79269
4.4 0.00995629 2.29301 4.79282
4.41 0.00995619 2.29313 4.79294
4.42 0.00995609 2.29325 4.79306
4.43 0.00995599 2.29337 4.79318
4.44 0.00995589 2.29349 4.7933
4.45 0.0099558 2.29361 4.79342
4.46 0.0099557 2.29373 4.79355
4.47 0.0099556 2.29385 4.79367
4.48 0.0099555 2.29397 4.79379
4.49 0.0099554 2.29409 4.7939
4.5 0.0099553 2.29421 4.79402
4.51 0.0099552 2.29433 4.79414
4.52 0.0099551 2.29445 4.79426
4.53 0.00995501 2.29456 4.79438
4.54 0.00995491 2.29468 4.7945
4.55 0.00995481 2.2948 4.79461
4.56 0.00995471 2.29491 4.79473
4.57 0.00995461 2.29503 4.79485
4.58 0.00995451 2.29514 4.79496
4.59 0.00995441 2.29526 4.79508
4.6 0.00995432 2.29537 4.79519
4.61 0.00995422 2.29549 4.79531
4.62 0.00995412 2.2956 4.79542
4.63 0.00995402 2.29571 4.79554
4.64 0.00995392 2.29583 4.79565
4.65 0.00995382 2.29594 4.79576
4.66 0.00995372 2.29605 4.79588
4.67 0.00995363 2.29616 4.79599
4.68 0.00995353 2.29628 4.7961
4.69 0.00995343 2.29639 4.79621
4.7 0.00995333 2.2965 4.79632
4.71 0.00995323 2.29661 4.79643
4.72 0.00995313 2.29672 4.79654
4.73 0.00995303 2.29683 4.79666
4.74 0.00995294 2.29694 4.79677
4.75 0.00995284 2.29705 4.79688
4.76 0.00995274 2.29716 4.79698
4.77 0.00995264 2.29726 4.79709
4.78 0.00995254 2.29737 4.7972
4.79 0.00995244 2.29748 4.79731
4.8 0.00995234 2.29759 4.79742
4.81 0.00995224 2.29769 4.79753
4.82 0.00995215 2.2978 4.79763
4.83 0.00995205 2.29791 4.79774
4.84 0.00995195 2.29801 4.79785
4.85 0.00995185 2.29812 4.79795
4.86 0.00995175 2.29823 4.79806
4.87 0.00995165 2.29833 4.79816
4.88 0.00995156 2.29843 4.79827
4.89 0.00995146 2.29854 4.79837
4.9 0.00995136 2.29864 4.79848
4.91 0.00995126 2.29875 4.79858
4.92 0.00995116 2.29885 4.79869
4.93 0.00995106 2.29895 4.79879
4.94 0.00995096 2.29906 4.79889
4.95 0.00995087 2.29916 4.799
4.96 0.00995077 2.29926 4.7991
4.97 0.00995067 2.29936 4.7992
4.98 0.00995057 2.29947 4.7993
4.99 0.00995047 2.29957 4.79941
5 0.00995037 2.29967 4.79951
5.01 0.00995027 2.29977 4.79961
5.02 0.00995018 2.29987 4.79971
5.03 0.00995008 2.29997 4.79981
5.04 0.00994998 2.30007 4.79991
5.05 0.00994988 2.30017 4.80001
5.06 0.00994978 2.30027 4.80011
5.07 0.00994968 2.30037 4.80021
5.08 0.00994958 2.30046 4.80031
5.09 0.00994949 2.30056 4.80041
5.1 0.00994939 2.30066 4.80051
5.11 0.00994929 2.30076 4.8006
5.12 0.00994919 2.30086 4.8007
5.13 0.00994909 2.30095 4.8008
5.14 0.00994899 2.30105 4.8009
5.15 0.0099489 2.30115 4.80099
5.16 0.0099488 2.30124 4.80109
5.17 0.0099487 2.30134 4.80119
5.18 0.0099486 2.30143 4.80128
5.19 0.0099485 2.30153 4.80138
5.2 0.0099484 2.30163 4.80148
5.21 0.0099483 2.30172 4.80157
5.22 0.00994821 2.30182 4.80167
5.23 0.00994811 2.30191 4.80176
5.24 0.00994801 2.302 4.80186
5.25 0.00994791 2.3021 4.80195
5.26 0.00994781 2.30219 4.80204
5.27 0.00994771 2.30228 4.80214
5.28 0.00994762 2.30238 4.80223
5.29 0.00994752 2.30247 4.80232
5.3 0.00994742 2.30256 4.80242
5.31 0.00994732 2.30265 4.80251
5.32 0.00994722 2.30275 4.8026
5.33 0.00994712 2.30284 4.80269
5.34 0.00994702 2.30293 4.80279
5.35 0.00994693 2.30302 4.80288
5.36 0.00994683 2.30311 4.80297
5.37 0.00994673 2.3032 4.80306
5.38 0.00994663 2.30329 4.80315
5.39 0.00994653 2.30338 4.80324
5.4 0.00994643 2.30347 4.80333
5.41 0.00994634 2.30356 4.80342
5.42 0.00994624 2.30365 4.80351
5.43 0.00994614 2.30374 4.8036
5.44 0.00994604 2.30383 4.80369
5.45 0.00994594 2.30392 4.80378
5.46 0.00994584 2.30401 4.80387
5.47 0.00994575 2.3041 4.80396
5.48 0.00994565 2.30418 4.80405
5.49 0.00994555 2.30427 4.80413
5.5 0.00994545 2.30436 4.80422
5.51 0.00994535 2.30445 4.80431
5.52 0.00994525 2.30453 4.8044
5.53 0.00994516 2.30462 4.80448
5.54 0.00994506 2.30471 4.80457
5.55 0.00994496 2.30479 4.80466
5.56 0.00994486 2.30488 4.80474
5.57 0.00994476 2.30497 4.80483
5.58 0.00994466 2.30505 4.80492
5.59 0.00994457 2.30514 4.805
5.6 0.00994447 2.30522 4.80509
5.61 0.00994437 2.30531 4.80517
5.62 0.00994427 2.30539 4.80526
5.63 0.00994417 2.30548 4.80534
5.64 0.00994407 2.30556 4.80543
5.65 0.00994398 2.30564 4.80551
5.66 0.00994388 2.30573 4.8056
5.67 0.00994378 2.30581 4.80568
5.68 0.00994368 2.30589 4.80576
5.69 0.00994358 2.30598 4.80585
5.7 0.00994348 2.30606 4.80593
5.71 0.00994339 2.30614 4.80601
5.72 0.00994329 2.30623 4.8061
5.73 0.00994319 2.30631 4.80618
5.74 0.00994309 2.30639 4.80626
5.75 0.00994299 2.30647 4.80634
5.76 0.00994289 2.30655 4.80642
5.77 0.0099428 2.30663 4.80651
5.78 0.0099427 2.30672 4.80659
5.79 0.0099426 2.3068 4.80667
5.8 0.0099425 2.30688 4.80675
5.81 0.0099424 2.30696 4.80683
5.82 0.0099423 2.30704 4.80691
5.83 0.00994221 2.30712 4.80699
5.84 0.00994211 2.3072 4.80707
5.85 0.00994201 2.30728 4.80715
5.86 0.00994191 2.30736 4.80723
5.87 0.00994181 2.30744 4.80731
5.88 0.00994171 2.30752 4.80739
5.89 0.00994162 2.30759 4.80747
5.9 0.00994152 2.30767 4.80755
5.91 0.00994142 2.30775 4.80763
5.92 0.00994132 2.30783 4.80771
5.93 0.00994122 2.30791 4.80779
5.94 0.00994112 2.30799 4.80786
5.95 0.00994103 2.30806 4.80794
5.96 0.00994093 2.30814 4.80802
5.97 0.00994083 2.30822 4.8081
5.98 0.00994073 2.3083 4.80817
5.99 0.00994063 2.30837 4.80825
6 0.00994054 2.30845 4.80833
6.01 0.00994044 2.30853 4.80841
6.02 0.00994034 2.3086 4.80848
6.03 0.00994024 2.30868 4.80856
6.04 0.00994014 2.30875 4.80863
6.05 0.00994004 2.30883 4.80871
6.06 0.00993995 2.30891 4.80879
6.07 0.00993985 2.30898 4.80886
6.08 0.00993975 2.30906 4.80894
6.09 0.00993965 2.30913 4.80901
6.1 0.00993955 2.30921 4.80909
6.11 0.00993946 2.30928 4.80916
6.12 0.00993936 2.30936 4.80924
6.13 0.00993926 2.30943 4.80931
6.14 0.00993916 2.3095 4.80939
6.15 0.00993906 2.30958 4.80946
6.16 0.00993896 2.30965 4.80954
6.17 0.00993887 2.30973 4.80961
6.18 0.00993877 2.3098 4.80968
6.19 0.00993867 2.30987 4.80976
6.2 0.00993857 2.30994 4.80983
6.21 0.00993847 2.31002 4.8099
6.22 0.00993838 2.31009 4.80998
6.23 0.00993828 2.31016 4.81005
6.24 0.00993818 2.31024 4.81012
6.25 0.00993808 2.31031 4.81019
6.26 0.00993798 2.31038 4.81027
6.27 0.00993788 2.31045 4.81034
6.28 0.00993779 2.31052 4.81041
6.29 0.00993769 2.31059 4.81048
6.3 0.00993759 2.31067 4.81055
6.31 0.00993749 2.31074 4.81062
6.32 0.00993739 2.31081 4.8107
6.33 0.0099373 2.31088 4.81077
6.34 0.0099372 2.31095 4.81084
6.35 0.0099371 2.31102 4.81091
6.36 0.009937 2.31109 4.81098
6.37 0.0099369 2.31116 4.81105
6.38 0.00993681 2.31123 4.81112
6.39 0.00993671 2.3113 4.81119
6.4 0.00993661 2.31137 4.81126
6.41 0.00993651 2.31144 4.81133
6.42 0.00993641 2.31151 4.8114
6.43 0.00993631 2.31158 4.81147
6.44 0.00993622 2.31165 4.81154
6.45 0.00993612 2.31171 4.81161
6.46 0.00993602 2.31178 4.81168
6.47 0.00993592 2.31185 4.81174
6.48 0.00993582 2.31192 4.81181
6.49 0.00993573 2.31199 4.81188
6.5 0.00993563 2.31206 4.81195
6.51 0.00993553 2.31212 4.81202
6.52 0.00993543 2.31219 4.81209
6.53 0.00993533 2.31226 4.81215
6.54 0.00993524 2.31233 4.81222
6.55 0.00993514 2.31239 4.81229
6.56 0.00993504 2.31246 4.81236
6.57 0.00993494 2.31253 4.81242
6.58 0.00993484 2.3126 4.81249
6.59 0.00993475 2.31266 4.81256
6.6 0.00993465 2.31273 4.81262
6.61 0.00993455 2.31279 4.81269
6.62 0.00993445 2.31286 4.81276
6.63 0.00993435 2.31293 4.81282
6.64 0.00993426 2.31299 4.81289
6.65 0.00993416 2.31306 4.81295
6.66 0.00993406 2.31312 4.81302
6.67 0.00993396 2.31319 4.81309
6.68 0.00993386 2.31325 4.81315
6.69 0.00993376 2.31332 4.81322
6.7 0.00993367 2.31338 4.81328
6.71 0.00993357 2.31345 4.81335
6.72 0.00993347 2.31351 4.81341
6.73 0.00993337 2.31358 4.81348
6.74 0.00993327 2.31364 4.81354
6.75 0.00993318 2.31371 4.81361
6.76 0.00993308 2.31377 4.81367
6.77 0.00993298 2.31384 4.81373
6.78 0.00993288 2.3139 4.8138
6.79 0.00993278 2.31396 4.81386
6.8 0.00993269 2.31403 4.81393
6.81 0.00993259 2.31409 4.81399
6.82 0.00993249 2.31415 4.81405
6.83 0.00993239 2.31422 4.81412
6.84 0.00993229 2.31428 4.81418
6.85 0.0099322 2.31434 4.81424
6.86 0.0099321 2.3144 4.81431
6.87 0.009932 2.31447 4.81437
6.88 0.0099319 2.31453 4.81443
6.89 0.00993181 2.31459 4.81449
6.9 0.00993171 2.31465 4.81456
6.91 0.00993161 2.31472 4.81462
6.92 0.00993151 2.31478 4.81468
6.93 0.00993141 2.31484 4.81474
6.94 0.00993132 2.3149 4.8148
6.95 0.00993122 2.31496 4.81487
6.96 0.00993112 2.31502 4.81493
6.97 0.00993102 2.31509 4.81499
6.98 0.00993092 2.31515 4.81505
6.99 0.00993083 2.31521 4.81511
7 0.00993073 2.31527 4.81517
7.01 0.00993063 2.31533 4.81523
7.02 0.00993053 2.31539 4.81529
7.03 0.00993043 2.31545 4.81536
7.04 0.00993034 2.31551 4.81542
7.05 0.00993024 2.31557 4.81548
7.06 0.00993014 2.31563 4.81554
7.07 0.00993004 2.31569 4.8156
7.08 0.00992994 2.31575 4.81566
7.09 0.00992985 2.31581 4.81572
7.1 0.00992975 2.31587 4.81578
7.11 0.00992965 2.31593 4.81584
7.12 0.00992955 2.31599 4.8159
7.13 0.00992945 2.31605 4.81595
7.14 0.00992936 2.31611 4.81601
7.15 0.00992926 2.31617 4.81607
7.16 0.00992916 2.31622 4.81613
7.17 0.00992906 2.31628 4.81619
7.18 0.00992897 2.31634 4.81625
7.19 0.00992887 2.3164 4.81631
7.2 0.00992877 2.31646 4.81637
7.21 0.00992867 2.31652 4.81642
7.22 0.00992857 2.31657 4.81648
7.23 0.00992848 2.31663 4.81654
7.24 0.00992838 2.31669 4.8166
7.25 0.00992828 2.31675 4.81666
7.26 0.00992818 2.31681 4.81672
7.27 0.00992808 2.31686 4.81677
7.28 0.00992799 2.31692 4.81683
7.29 0.00992789 2.31698 4.81689
7.3 0.00992779 2.31703 4.81694
7.31 0.00992769 2.31709 4.817
7.32 0.0099276 2.31715 4.81706
7.33 0.0099275 2.31721 4.81712
7.34 0.0099274 2.31726 4.81717
7.35 0.0099273 2.31732 4.81723
7.36 0.0099272 2.31738 4.81729
7.37 0.00992711 2.31743 4.81734
7.38 0.00992701 2.31749 4.8174
7.39 0.00992691 2.31754 4.81746
7.4 0.00992681 2.3176 4.81751
7.41 0.00992671 2.31766 4.81757
7.42 0.00992662 2.31771 4.81762
7.43 0.00992652 2.31777 4.81768
7.44 0.00992642 2.31782 4.81773
7.45 0.00992632 2.31788 4.81779
7.46 0.00992623 2.31793 4.81785
7.47 0.00992613 2.31799 4.8179
7.48 0.00992603 2.31804 4.81796
7.49 0.00992593 2.3181 4.81801
7.5 0.00992583 2.31815 4.81807
7.51 0.00992574 2.31821 4.81812
7.52 0.00992564 2.31826 4.81818
7.53 0.00992554 2.31832 4.81823
7.54 0.00992544 2.31837 4.81829
7.55 0.00992535 2.31843 4.81834
7.56 0.00992525 2.31848 4.81839
7.57 0.00992515 2.31853 4.81845
7.58 0.00992505 2.31859 4.8185
7.59 0.00992495 2.31864 4.81856
7.6 0.00992486 2.3187 4.81861
7.61 0.00992476 2.31875 4.81866
7.62 0.00992466 2.3188 4.81872
7.63 0.00992456 2.31886 4.81877
7.64 0.00992447 2.31891 4.81883
7.65 0.00992437 2.31896 4.81888
7.66 0.00992427 2.31902 4.81893
7.67 0.00992417 2.31907 4.81898
7.68 0.00992407 2.31912 4.81904
7.69 0.00992398 2.31917 4.81909
7.7 0.00992388 2.31923 4.81914
7.71 0.00992378 2.31928 4.8192
7.72 0.00992368 2.31933 4.81925
7.73 0.00992359 2.31938 4.8193
7.74 0.00992349 2.31944 4.81935
7.75 0.00992339 2.31949 4.81941
7.76 0.00992329 2.31954 4.81946
7.77 0.0099232 2.31959 4.81951
7.78 0.0099231 2.31964 4.81956
7.79 0.009923 2.3197 4.81961
7.8 0.0099229 2.31975 4.81967
7.81 0.0099228 2.3198 4.81972
7.82 0.00992271 2.31985 4.81977
7.83 0.00992261 2.3199 4.81982
7.84 0.00992251 2.31995 4.81987
7.85 0.00992241 2.32001 4.81992
7.86 0.00992232 2.32006 4.81998
7.87 0.00992222 2.32011 4.82003
7.88 0.00992212 2.32016 4.82008
7.89 0.00992202 2.32021 4.82013
7.9 0.00992193 2.32026 4.82018
7.91 0.00992183 2.32031 4.82023
7.92 0.00992173 2.32036 4.82028
7.93 0.00992163 2.32041 4.82033
7.94 0.00992153 2.32046 4.82038
7.95 0.00992144 2.32051 4.82043
7.96 0.00992134 2.32056 4.82048
7.97 0.00992124 2.32061 4.82053
7.98 0.00992114 2.32066 4.82058
7.99 0.00992105 2.32071 4.82063
8 0.00992095 2.32076 4.82068
8.01 0.00992085 2.32081 4.82073
8.02 0.00992075 2.32086 4.82078
8.03 0.00992066 2.32091 4.82083
8.04 0.00992056 2.32096 4.82088
8.05 0.00992046 2.32101 4.82093
8.06 0.00992036 2.32106 4.82098
8.07 0.00992027 2.32111 4.82103
8.08 0.00992017 2.32116 4.82108
8.09 0.00992007 2.32121 4.82113
8.1 0.00991997 2.32125 4.82118
8.11 0.00991987 2.3213 4.82123
8.12 0.00991978 2.32135 4.82127
8.13 0.00991968 2.3214 4.82132
8.14 0.00991958 2.32145 4.82137
8.15 0.00991948 2.3215 4.82142
8.16 0.00991939 2.32154 4.82147
8.17 0.00991929 2.32159 4.82152
8.18 0.00991919 2.32164 4.82157
8.19 0.00991909 2.32169 4.82161
8.2 0.009919 2.32174 4.82166
8.21 0.0099189 2.32179 4.82171
8.22 0.0099188 2.32183 4.82176
8.23 0.0099187 2.32188 4.82181
8.24 0.00991861 2.32193 4.82185
8.25 0.00991851 2.32198 4.8219
8.26 0.00991841 2.32202 4.82195
8.27 0.00991831 2.32207 4.822
8.28 0.00991822 2.32212 4.82204
8.29 0.00991812 2.32216 4.82209
8.3 0.00991802 2.32221 4.82214
8.31 0.00991792 2.32226 4.82218
8.32 0.00991783 2.32231 4.82223
8.33 0.00991773 2.32235 4.82228
8.34 0.00991763 2.3224 4.82233
8.35 0.00991753 2.32245 4.82237
8.36 0.00991744 2.32249 4.82242
8.37 0.00991734 2.32254 4.82247
8.38 0.00991724 2.32259 4.82251
8.39 0.00991714 2.32263 4.82256
8.4 0.00991705 2.32268 4.8226
8.41 0.00991695 2.32272 4.82265
8.42 0.00991685 2.32277 4.8227
8.43 0.00991675 2.32282 4.82274
8.44 0.00991665 2.32286 4.82279
8.45 0.00991656 2.32291 4.82284
8.46 0.00991646 2.32295 4.82288
8.47 0.00991636 2.323 4.82293
8.48 0.00991626 2.32304 4.82297
8.49 0.00991617 2.32309 4.82302
8.5 0.00991607 2.32314 4.82306
8.51 0.00991597 2.32318 4.82311
8.52 0.00991587 2.32323 4.82315
8.53 0.00991578 2.32327 4.8232
8.54 0.00991568 2.32332 4.82325
8.55 0.00991558 2.32336 4.82329
8.56 0.00991548 2.32341 4.82334
8.57 0.00991539 2.32345 4.82338
8.58 0.00991529 2.3235 4.82343
8.59 0.00991519 2.32354 4.82347
8.6 0.00991509 2.32359 4.82352
8.61 0.009915 2.32363 4.82356
8.62 0.0099149 2.32367 4.8236
8.63 0.0099148 2.32372 4.82365
8.64 0.00991471 2.32376 4.82369
8.65 0.00991461 2.32381 4.82374
8.66 0.00991451 2.32385 4.82378
8.67 0.00991441 2.3239 4.82383
8.68 0.00991432 2.32394 4.82387
8.69 0.00991422 2.32398 4.82391
8.7 0.00991412 2.32403 4.82396
8.71 0.00991402 2.32407 4.824
8.72 0.00991393 2.32411 4.82405
8.73 0.00991383 2.32416 4.82409
8.74 0.00991373 2.3242 4.82413
8.75 0.00991363 2.32425 4.82418
8.76 0.00991354 2.32429 4.82422
8.77 0.00991344 2.32433 4.82426
8.78 0.00991334 2.32438 4.82431
8.79 0.00991324 2.32442 4.82435
8.8 0.00991315 2.32446 4.82439
8.81 0.00991305 2.3245 4.82444
8.82 0.00991295 2.32455 4.82448
8.83 0.00991285 2.32459 4.82452
8.84 0.00991276 2.32463 4.82457
8.85 0.00991266 2.32468 4.82461
8.86 0.00991256 2.32472 4.82465
8.87 0.00991246 2.32476 4.82469
8.88 0.00991237 2.3248 4.82474
8.89 0.00991227 2.32485 4.82478
8.9 0.00991217 2.32489 4.82482
8.91 0.00991207 2.32493 4.82486
8.92 0.00991198 2.32497 4.82491
8.93 0.00991188 2.32502 4.82495
8.94 0.00991178 2.32506 4.82499
8.95 0.00991169 2.3251 4.82503
8.96 0.00991159 2.32514 4.82508
8.97 0.00991149 2.32518 4.82512
8.98 0.00991139 2.32523 4.82516
8.99 0.0099113 2.32527 4.8252
9 0.0099112 2.32531 4.82524
9.01 0.0099111 2.32535 4.82528
9.02 0.009911 2.32539 4.82533
9.03 0.00991091 2.32543 4.82537
9.04 0.00991081 2.32547 4.82541
9.05 0.00991071 2.32552 4.82545
9.06 0.00991061 2.32556 4.82549
9.07 0.00991052 2.3256 4.82553
9.08 0.00991042 2.32564 4.82557
9.09 0.00991032 2.32568 4.82562
9.1 0.00991022 2.32572 4.82566
9.11 0.00991013 2.32576 4.8257
9.12 0.00991003 2.3258 4.82574
9.13 0.00990993 2.32584 4.82578
9.14 0.00990984 2.32588 4.82582
9.15 0.00990974 2.32593 4.82586
9.16 0.00990964 2.32597 4.8259
9.17 0.00990954 2.32601 4.82594
9.18 0.00990945 2.32605 4.82598
9.19 0.00990935 2.32609 4.82602
9.2 0.00990925 2.32613 4.82606
9.21 0.00990915 2.32617 4.8261
9.22 0.00990906 2.32621 4.82614
9.23 0.00990896 2.32625 4.82618
9.24 0.00990886 2.32629 4.82623
9.25 0.00990877 2.32633 4.82627
9.26 0.00990867 2.32637 4.82631
9.27 0.00990857 2.32641 4.82635
9.28 0.00990847 2.32645 4.82639
9.29 0.00990838 2.32649 4.82642
9.3 0.00990828 2.32653 4.82646
9.31 0.00990818 2.32657 4.8265
9.32 0.00990808 2.32661 4.82654
9.33 0.00990799 2.32665 4.82658
9.34 0.00990789 2.32669 4.82662
9.35 0.00990779 2.32672 4.82666
9.36 0.0099077 2.32676 4.8267
9.37 0.0099076 2.3268 4.82674
9.38 0.0099075 2.32684 4.82678
9.39 0.0099074 2.32688 4.82682
9.4 0.00990731 2.32692 4.82686
9.41 0.00990721 2.32696 4.8269
9.42 0.00990711 2.327 4.82694
9.43 0.00990701 2.32704 4.82698
9.44 0.00990692 2.32708 4.82701
9.45 0.00990682 2.32711 4.82705
9.46 0.00990672 2.32715 4.82709
9.47 0.00990663 2.32719 4.82713
9.48 0.00990653 2.32723 4.82717
9.49 0.00990643 2.32727 4.82721
9.5 0.00990633 2.32731 4.82725
9.51 0.00990624 2.32735 4.82729
9.52 0.00990614 2.32738 4.82732
9.53 0.00990604 2.32742 4.82736
9.54 0.00990595 2.32746 4.8274
9.55 0.00990585 2.3275 4.82744
9.56 0.00990575 2.32754 4.82748
9.57 0.00990565 2.32757 4.82751
9.58 0.00990556 2.32761 4.82755
9.59 0.00990546 2.32765 4.82759
9.6 0.00990536 2.32769 4.82763
9.61 0.00990526 2.32773 4.82767
9.62 0.00990517 2.32776 4.8277
9.63 0.00990507 2.3278 4.82774
9.64 0.00990497 2.32784 4.82778
9.65 0.00990488 2.32788 4.82782
9.66 0.00990478 2.32791 4.82785
9.67 0.00990468 2.32795 4.82789
9.68 0.00990458 2.32799 4.82793
9.69 0.00990449 2.32803 4.82797
9.7 0.00990439 2.32806 4.828
9.71 0.00990429 2.3281 4.82804
9.72 0.0099042 2.32814 4.82808
9.73 0.0099041 2.32817 4.82812
9.74 0.009904 2.32821 4.82815
9.75 0.0099039 2.32825 4.82819
9.76 0.00990381 2.32828 4.82823
9.77 0.00990371 2.32832 4.82826
9.78 0.00990361 2.32836 4.8283
9.79 0.00990352 2.3284 4.82834
9.8 0.00990342 2.32843 4.82837
9.81 0.00990332 2.32847 4.82841
9.82 0.00990322 2.32851 4.82845
9.83 0.00990313 2.32854 4.82848
9.84 0.00990303 2.32858 4.82852
9.85 0.00990293 2.32861 4.82856
9.86 0.00990284 2.32865 4.82859
9.87 0.00990274 2.32869 4.82863
9.88 0.00990264 2.32872 4.82867
9.89 0.00990254 2.32876 4.8287
9.9 0.00990245 2.3288 4.82874
9.91 0.00990235 2.32883 4.82877
9.92 0.00990225 2.32887 4.82881
9.93 0.00990216 2.3289 4.82885
9.94 0.00990206 2.32894 4.82888
9.95 0.00990196 2.32898 4.82892
9.96 0.00990187 2.32901 4.82895
9.97 0.00990177 2.32905 4.82899
9.98 0.00990167 2.32908 4.82903
9.99 0.00990157 2.32912 4.82906
10 0.00990148 2.32915 4.8291
