0 1.01235e+07 10 0 0 0 
0.125 1.01235e+07 10.6316 0.191832 0.0773315 0.00234051 
0.25 1.01235e+07 11.3031 0.394314 0.160796 0.00487186 
0.375 1.01235e+07 12.017 0.608131 0.250767 0.00760577 
0.5 1.01235e+07 12.776 0.83401 0.347642 0.0105547 
0.625 1.01235e+07 13.583 1.07272 0.451843 0.0137319 
0.75 1.01234e+07 14.4409 1.32509 0.563821 0.0171515 
0.875 1.01234e+07 15.353 1.59199 0.684053 0.0208285 
1 1.01234e+07 16.3227 1.87435 0.813047 0.0247788 
1.125 1.01234e+07 17.3536 2.17315 0.951344 0.0290194 
1.25 1.01234e+07 18.4497 2.48945 1.09952 0.0335682 
1.375 1.01234e+07 19.615 2.82435 1.25818 0.0384445 
1.5 1.01234e+07 20.8539 3.17905 1.42798 0.0436686 
1.625 1.01234e+07 22.1711 3.55481 1.60961 0.0492622 
1.75 1.01234e+07 23.5714 3.95296 1.80381 0.0552483 
1.875 1.01234e+07 25.0602 4.37494 2.01135 0.0616515 
2 1.01234e+07 26.643 4.82225 2.23307 0.0684977 
2.125 1.01234e+07 28.3258 5.29651 2.46984 0.0758146 
2.25 1.01234e+07 30.1149 5.79943 2.72262 0.0836317 
2.375 1.01234e+07 32.017 6.33282 2.99239 0.0919803 
2.5 1.01234e+07 34.0392 6.89863 3.28022 0.100894 
2.625 1.01234e+07 36.1891 7.4989 3.58723 0.110407 
2.75 1.01234e+07 38.4748 8.13584 3.91464 0.120558 
2.875 1.01234e+07 40.9049 8.81175 4.26371 0.131388 
3 1.01234e+07 43.4885 9.52912 4.6358 0.142937 
3.125 1.01234e+07 46.2353 10.2906 5.03235 0.155252 
3.25 1.01234e+07 49.1555 11.0989 5.4549 0.16838 
3.375 1.01234e+07 52.2602 11.9571 5.90508 0.182373 
3.5 1.01234e+07 55.561 12.8682 6.38462 0.197286 
3.625 1.01234e+07 59.0702 13.8358 6.89536 0.213175 
3.75 1.01234e+07 62.8011 14.8632 7.43927 0.230102 
3.875 1.01234e+07 66.7676 15.9544 8.01843 0.248133 
4 1.01234e+07 70.9847 17.1133 8.63506 0.267337 
4.125 1.01234e+07 75.4681 18.3443 9.29151 0.287787 
4.25 1.01234e+07 80.2347 19.6519 9.99028 0.309563 
4.375 1.01233e+07 85.3023 21.0409 10.734 0.332748 
4.5 1.01233e+07 90.69 22.5165 11.5256 0.357431 
4.625 1.01233e+07 96.418 24.0842 12.368 0.383705 
4.75 1.01233e+07 102.508 25.7498 13.2645 0.411671 
4.875 1.01233e+07 108.982 27.5195 14.2183 0.441436 
5 1.01233e+07 115.865 29.3999 15.2333 0.473113 
5.125 1.01233e+07 123.183 31.398 16.3131 0.506822 
5.25 1.01233e+07 130.964 33.5212 17.4619 0.542693 
5.375 1.01233e+07 139.235 35.7774 18.684 0.58086 
5.5 1.01233e+07 148.029 38.175 19.9841 0.621469 
5.625 1.01232e+07 157.379 40.7231 21.3671 0.664674 
5.75 1.01232e+07 167.319 43.431 22.8381 0.710639 
5.875 1.01232e+07 177.886 46.3089 24.4028 0.759536 
6 1.01232e+07 189.122 49.3675 26.067 0.811553 
6.125 1.01232e+07 201.066 52.6183 27.8371 0.866885 
6.25 1.01232e+07 213.765 56.0735 29.7197 0.925741 
6.375 1.01231e+07 227.267 59.7458 31.7218 0.988344 
6.5 1.01231e+07 241.62 63.649 33.8512 1.05493 
6.625 1.01231e+07 256.881 67.7978 36.1156 1.12575 
6.75 1.01231e+07 273.105 72.2077 38.5238 1.20107 
6.875 1.01231e+07 290.354 76.895 41.0848 1.28118 
7 1.0123e+07 308.692 81.8775 43.8081 1.36638 
7.125 1.0123e+07 328.188 87.1737 46.7041 1.45699 
7.25 1.0123e+07 348.915 92.8034 49.7836 1.55334 
7.375 1.01229e+07 370.952 98.7877 53.0582 1.65581 
7.5 1.01229e+07 394.38 105.149 56.5403 1.76478 
7.625 1.01229e+07 419.288 111.911 60.2429 1.88066 
7.75 1.01228e+07 445.769 119.1 64.18 2.00388 
7.875 1.01228e+07 473.922 126.741 68.3663 2.13492 
8 1.01228e+07 503.853 134.864 72.8176 2.27425 
8.125 1.01227e+07 535.674 143.499 77.5506 2.42241 
8.25 1.01227e+07 569.504 152.679 82.5831 2.57996 
8.375 1.01226e+07 605.471 162.437 87.9339 2.74748 
8.5 1.01226e+07 643.709 172.811 93.6233 2.92561 
8.625 1.01225e+07 684.362 183.839 99.6725 3.11501 
8.75 1.01224e+07 727.582 195.563 106.104 3.3164 
8.875 1.01224e+07 773.531 208.026 112.943 3.53054 
9 1.01223e+07 822.382 221.276 120.214 3.75822 
9.125 1.01222e+07 874.317 235.361 127.944 4.00031 
9.25 1.01221e+07 929.531 250.335 136.164 4.25771 
9.375 1.01221e+07 988.232 266.254 144.903 4.53139 
9.5 1.0122e+07 1050.64 283.177 154.194 4.82237 
9.625 1.01219e+07 1116.99 301.168 164.072 5.13176 
9.75 1.01218e+07 1187.52 320.295 174.575 5.46071 
9.875 1.01217e+07 1262.51 340.628 185.742 5.81046 
10 1.01216e+07 1342.24 362.245 197.614 6.18231 
10.125 1.01214e+07 1426.99 385.226 210.236 6.57768 
10.25 1.01213e+07 1517.1 409.657 223.656 6.99803 
10.375 1.01212e+07 1612.9 435.63 237.924 7.44495 
10.5 1.0121e+07 1714.74 463.242 253.093 7.92011 
10.625 1.01209e+07 1823.02 492.597 269.22 8.4253 
10.75 1.01207e+07 1938.12 523.805 286.367 8.96241 
10.875 1.01205e+07 2060.5 556.982 304.596 9.53346 
11 1.01203e+07 2190.59 592.254 323.976 10.1406 
11.125 1.01202e+07 2328.9 629.751 344.581 10.7861 
11.25 1.01199e+07 2475.94 669.615 366.487 11.4723 
11.375 1.01197e+07 2632.25 711.996 389.777 12.2019 
11.5 1.01195e+07 2798.43 757.051 414.537 12.9776 
11.625 1.01192e+07 2975.1 804.949 440.861 13.8023 
11.75 1.0119e+07 3162.91 855.871 468.847 14.6791 
11.875 1.01187e+07 3362.58 910.006 498.601 15.6113 
12 1.01184e+07 3574.84 967.558 530.233 16.6023 
12.125 1.01181e+07 3800.49 1028.74 563.862 17.6559 
12.25 1.01177e+07 4040.38 1093.79 599.614 18.776 
12.375 1.01174e+07 4295.39 1162.94 637.624 19.9669 
12.5 1.0117e+07 4566.49 1236.45 678.033 21.2329 
12.625 1.01166e+07 4854.69 1314.6 720.992 22.5789 
12.75 1.01161e+07 5161.06 1397.69 766.664 24.0098 
12.875 1.01157e+07 5486.75 1486.01 815.218 25.5311 
13 1.01152e+07 5832.97 1579.91 866.837 27.1484 
13.125 1.01146e+07 6201.02 1679.73 921.713 28.8678 
13.25 1.01141e+07 6592.26 1785.85 980.052 30.6956 
13.375 1.01135e+07 7008.16 1898.66 1042.07 32.6389 
13.5 1.01129e+07 7450.27 2018.59 1108.01 34.7048 
13.625 1.01122e+07 7920.23 2146.09 1178.1 36.901 
13.75 1.01115e+07 8419.8 2281.62 1252.62 39.2358 
13.875 1.01107e+07 8950.83 2425.7 1331.83 41.7179 
14 1.01099e+07 9515.3 2578.87 1416.05 44.3566 
14.125 1.01091e+07 10115.3 2741.69 1505.57 47.1617 
14.25 1.01081e+07 10753.1 2914.78 1600.75 50.1438 
14.375 1.01072e+07 11431 3098.78 1701.92 53.3139 
14.5 1.01062e+07 12151.6 3294.38 1809.47 56.6839 
14.625 1.01051e+07 12917.5 3502.3 1923.8 60.2664 
14.75 1.01039e+07 13731.5 3723.33 2045.34 64.0747 
14.875 1.01027e+07 14596.8 3958.28 2174.54 68.1231 
15 1.01014e+07 15516.4 4208.04 2311.89 72.4267 
15.125 1.01e+07 16493.8 4473.52 2457.89 77.0015 
15.25 1.00985e+07 17532.6 4755.73 2613.08 81.8645 
15.375 1.00969e+07 18636.7 5055.7 2778.05 87.0339 
15.5 1.00952e+07 19810 5374.55 2953.42 92.5289 
15.625 1.00935e+07 21057 5713.48 3139.82 98.3699 
15.75 1.00916e+07 22382.1 6073.73 3337.97 104.579 
15.875 1.00896e+07 23790.3 6456.64 3548.58 111.178 
16 1.00874e+07 25286.8 6863.63 3772.45 118.193 
16.125 1.00852e+07 26877 7296.22 4010.4 125.65 
16.25 1.00827e+07 28566.7 7756 4263.32 133.575 
16.375 1.00802e+07 30362.1 8244.67 4532.15 141.999 
16.5 1.00775e+07 32269.8 8764.04 4817.88 150.953 
16.625 1.00746e+07 34296.6 9316.03 5121.56 160.469 
16.75 1.00715e+07 36450 9902.66 5444.33 170.584 
16.875 1.00682e+07 38737.7 10526.1 5787.36 181.334 
17 1.00648e+07 41168.1 11188.7 6151.94 192.758 
17.125 1.00611e+07 43749.9 11892.8 6539.4 204.9 
17.25 1.00572e+07 46492.3 12641 6951.17 217.804 
17.375 1.0053e+07 49405.3 13436.1 7388.76 231.517 
17.5 1.00486e+07 52499.2 14281 7853.78 246.09 
17.625 1.00439e+07 55785 15178.7 8347.94 261.576 
17.75 1.00389e+07 59274.6 16132.6 8873.04 278.032 
17.875 1.00336e+07 62980.1 17146.1 9431 295.518 
18 1.0028e+07 66914.8 18222.9 10023.9 314.098 
18.125 1.0022e+07 71092.3 19366.9 10653.8 333.84 
18.25 1.00157e+07 75527.5 20582.3 11323.1 354.816 
18.375 1.00089e+07 80235.7 21873.4 12034.2 377.101 
18.5 1.00018e+07 85233.3 23244.8 12789.6 400.777 
18.625 9.99421e+06 90537.4 24701.6 13592.1 425.929 
18.75 9.98615e+06 96166.4 26248.9 14444.6 452.648 
18.875 9.9776e+06 102140 27892.3 15350.2 481.03 
19 9.96853e+06 108477 29637.6 16312 511.178 
19.125 9.9589e+06 115200 31491 17333.6 543.198 
19.25 9.94868e+06 122331 33459.1 18418.6 577.206 
19.375 9.93784e+06 129894 35548.8 19570.8 613.322 
19.5 9.92634e+06 137914 37767.5 20794.4 651.675 
19.625 9.91414e+06 146417 40122.8 22093.6 692.399 
19.75 9.9012e+06 155431 42623 23473 735.64 
19.875 9.88749e+06 164984 45276.8 24937.5 781.547 
20 9.87294e+06 175107 48093.3 26492.1 830.281 
20.125 9.85753e+06 185832 51082.1 28142.2 882.013 
20.25 9.84119e+06 197191 54253.5 29893.7 936.92 
20.375 9.82388e+06 209220 57618.1 31752.3 995.192 
20.5 9.80554e+06 221955 61187.3 33724.6 1057.03 
20.625 9.78612e+06 235435 64973.1 35817.3 1122.64 
20.75 9.76555e+06 249698 68987.9 38037.3 1192.25 
20.875 9.74378e+06 264785 73245 40392.1 1266.09 
21 9.72073e+06 280740 77758.3 42889.6 1344.4 
21.125 9.69635e+06 297607 82542.3 45538 1427.45 
21.25 9.67056e+06 315432 87612.5 48346 1515.51 
21.375 9.64329e+06 334261 92984.8 51322.8 1608.87 
21.5 9.61446e+06 354145 98676.1 54477.8 1707.82 
21.625 9.58399e+06 375134 104704 57821.2 1812.69 
21.75 9.55181e+06 397278 111087 61363.6 1923.8 
21.875 9.51783e+06 420632 117845 65115.9 2041.51 
22 9.48196e+06 445249 124997 69089.8 2166.18 
22.125 9.44412e+06 471184 132564 73297.4 2298.19 
22.25 9.40422e+06 498492 140569 77751.2 2437.94 
22.375 9.36215e+06 527230 149035 82464.7 2585.84 
22.5 9.31783e+06 557455 157984 87451.4 2742.33 
22.625 9.27117e+06 589222 167441 92725.8 2907.87 
22.75 9.22206e+06 622588 177432 98302.7 3082.92 
22.875 9.17041e+06 657607 187983 104198 3267.97 
23 9.11612e+06 694335 199120 110427 3463.53 
23.125 9.05909e+06 732824 210872 117007 3670.12 
23.25 8.99923e+06 773124 223268 123954 3888.3 
23.375 8.93644e+06 815282 236336 131288 4118.61 
23.5 8.87063e+06 859345 250106 139025 4361.64 
23.625 8.8017e+06 905351 264609 147184 4617.99 
23.75 8.72958e+06 953338 279876 155786 4888.26 
23.875 8.65417e+06 1.00334e+06 295938 164849 5173.07 
24 8.5754e+06 1.05537e+06 312827 174394 5473.07 
24.125 8.4932e+06 1.10946e+06 330574 184440 5788.91 
24.25 8.40751e+06 1.16561e+06 349211 195010 6121.25 
24.375 8.31827e+06 1.22383e+06 368771 206122 6470.75 
24.5 8.22544e+06 1.28411e+06 389284 217800 6838.09 
24.625 8.12897e+06 1.34643e+06 410781 230063 7223.96 
24.75 8.02885e+06 1.41076e+06 433292 242934 7629.03 
24.875 7.92507e+06 1.47706e+06 456848 256433 8053.98 
25 7.81763e+06 1.54528e+06 481475 270581 8499.5 
25.125 7.70655e+06 1.61535e+06 507202 285399 8966.24 
25.25 7.59186e+06 1.68719e+06 534053 300907 9454.87 
25.375 7.47362e+06 1.76071e+06 562052 317126 9966.04 
25.5 7.35188e+06 1.83579e+06 591221 334073 10500.4 
25.625 7.22675e+06 1.91231e+06 621578 351767 11058.5 
25.75 7.09832e+06 1.99014e+06 653140 370227 11640.9 
25.875 6.96672e+06 2.06911e+06 685921 389467 12248.2 
26 6.83209e+06 2.14906e+06 719931 409505 12880.9 
26.125 6.6946e+06 2.2298e+06 755178 430352 13539.6 
26.25 6.55442e+06 2.31113e+06 791664 452023 14224.5 
26.375 6.41177e+06 2.39284e+06 829390 474529 14936.1 
26.5 6.26685e+06 2.47471e+06 868351 497877 15674.8 
26.625 6.1199e+06 2.55651e+06 908538 522077 16440.9 
26.75 5.97117e+06 2.63799e+06 949939 547134 17234.5 
26.875 5.82093e+06 2.71889e+06 992536 573051 18055.8 
27 5.66945e+06 2.79898e+06 1.03631e+06 599831 18905 
27.125 5.51701e+06 2.87797e+06 1.08122e+06 627472 19782.1 
27.25 5.36392e+06 2.95563e+06 1.12726e+06 655974 20687.1 
27.375 5.21047e+06 3.03167e+06 1.17437e+06 685330 21619.8 
27.5 5.05697e+06 3.10586e+06 1.22252e+06 715533 22580.2 
27.625 4.90372e+06 3.17793e+06 1.27167e+06 746576 23568.1 
27.75 4.75103e+06 3.24765e+06 1.32176e+06 778446 24583 
27.875 4.59919e+06 3.31478e+06 1.37274e+06 811129 25624.8 
28 4.44851e+06 3.37909e+06 1.42456e+06 844612 26692.9 
28.125 4.29926e+06 3.44039e+06 1.47715e+06 878875 27786.9 
28.25 4.15173e+06 3.49847e+06 1.53045e+06 913900 28906.3 
28.375 4.00618e+06 3.55317e+06 1.5844e+06 949666 30050.5 
28.5 3.86286e+06 3.60432e+06 1.63892e+06 986149 31218.8 
28.625 3.722e+06 3.6518e+06 1.69394e+06 1.02332e+06 32410.5 
28.75 3.58381e+06 3.69548e+06 1.74938e+06 1.06117e+06 33624.9 
28.875 3.4485e+06 3.73527e+06 1.80518e+06 1.09965e+06 34861.3 
29 3.31625e+06 3.77109e+06 1.86126e+06 1.13874e+06 36118.7 
29.125 3.1872e+06 3.80291e+06 1.91754e+06 1.17842e+06 37396.4 
29.25 3.0615e+06 3.83067e+06 1.97395e+06 1.21865e+06 38693.5 
29.375 2.93927e+06 3.85438e+06 2.0304e+06 1.2594e+06 40009.1 
29.5 2.82061e+06 3.87405e+06 2.08682e+06 1.30064e+06 41342.3 
29.625 2.70559e+06 3.8897e+06 2.14315e+06 1.34234e+06 42692.1 
29.75 2.59427e+06 3.90139e+06 2.19929e+06 1.38446e+06 44057.7 
29.875 2.48669e+06 3.90916e+06 2.25519e+06 1.42699e+06 45438.1 
30 2.38288e+06 3.91312e+06 2.31077e+06 1.46987e+06 46832.3 
30.125 2.28283e+06 3.91335e+06 2.36596e+06 1.51309e+06 48239.5 
30.25 2.18655e+06 3.90995e+06 2.4207e+06 1.5566e+06 49658.7 
30.375 2.09401e+06 3.90305e+06 2.47493e+06 1.60039e+06 51089 
30.5 2.00517e+06 3.89278e+06 2.52858e+06 1.64441e+06 52529.5 
30.625 1.91997e+06 3.87927e+06 2.5816e+06 1.68865e+06 53979.3 
30.75 1.83838e+06 3.86266e+06 2.63393e+06 1.73306e+06 55437.6 
30.875 1.7603e+06 3.8431e+06 2.68553e+06 1.77763e+06 56903.4 
31 1.68567e+06 3.82075e+06 2.73634e+06 1.82233e+06 58376.1 
31.125 1.61441e+06 3.79576e+06 2.78632e+06 1.86712e+06 59854.8 
31.25 1.54642e+06 3.76829e+06 2.83543e+06 1.91199e+06 61338.8 
31.375 1.48161e+06 3.73849e+06 2.88363e+06 1.9569e+06 62827.2 
31.5 1.41988e+06 3.70653e+06 2.93089e+06 2.00184e+06 64319.4 
31.625 1.36114e+06 3.67255e+06 2.97717e+06 2.04678e+06 65814.8 
31.75 1.30527e+06 3.63672e+06 3.02245e+06 2.09171e+06 67312.5 
31.875 1.25218e+06 3.59918e+06 3.0667e+06 2.13659e+06 68812.1 
32 1.20176e+06 3.56008e+06 3.1099e+06 2.18141e+06 70312.9 
32.125 1.15391e+06 3.51956e+06 3.15202e+06 2.22616e+06 71814.3 
32.25 1.10852e+06 3.47777e+06 3.19306e+06 2.2708e+06 73315.8 
32.375 1.06549e+06 3.43482e+06 3.233e+06 2.31534e+06 74816.9 
32.5 1.02473e+06 3.39087e+06 3.27182e+06 2.35974e+06 76317.1 
32.625 986128 3.34601e+06 3.30951e+06 2.404e+06 77815.8 
32.75 949594 3.30038e+06 3.34608e+06 2.4481e+06 79312.8 
32.875 915035 3.25409e+06 3.38151e+06 2.49202e+06 80807.4 
33 882358 3.20724e+06 3.4158e+06 2.53576e+06 82299.5 
33.125 851477 3.15994e+06 3.44896e+06 2.57931e+06 83788.5 
33.25 822306 3.11227e+06 3.48097e+06 2.62264e+06 85274.2 
33.375 794764 3.06433e+06 3.51186e+06 2.66576e+06 86756.2 
33.5 768773 3.0162e+06 3.54161e+06 2.70865e+06 88234.2 
33.625 744257 2.96796e+06 3.57023e+06 2.7513e+06 89707.9 
33.75 721143 2.91969e+06 3.59775e+06 2.79371e+06 91177.1 
33.875 699364 2.87145e+06 3.62415e+06 2.83587e+06 92641.4 
34 678852 2.8233e+06 3.64945e+06 2.87776e+06 94100.8 
34.125 659545 2.77531e+06 3.67366e+06 2.91939e+06 95554.9 
34.25 641383 2.72753e+06 3.6968e+06 2.96074e+06 97003.5 
34.375 624309 2.68001e+06 3.71888e+06 3.00182e+06 98446.5 
34.5 608269 2.6328e+06 3.7399e+06 3.04261e+06 99883.7 
34.625 593212 2.58593e+06 3.75989e+06 3.08311e+06 101315 
34.75 579088 2.53946e+06 3.77886e+06 3.12333e+06 102740 
34.875 565851 2.4934e+06 3.79682e+06 3.16324e+06 104159 
35 553458 2.44779e+06 3.81379e+06 3.20286e+06 105571 
35.125 541867 2.40267e+06 3.82978e+06 3.24217e+06 106977 
35.25 531038 2.35806e+06 3.84482e+06 3.28117e+06 108377 
35.375 520935 2.31397e+06 3.85892e+06 3.31987e+06 109769 
35.5 511522 2.27044e+06 3.87209e+06 3.35826e+06 111155 
35.625 502767 2.22747e+06 3.88436e+06 3.39633e+06 112534 
35.75 494637 2.18508e+06 3.89575e+06 3.43409e+06 113906 
35.875 487104 2.1433e+06 3.90626e+06 3.47154e+06 115271 
36 480139 2.10212e+06 3.91592e+06 3.50866e+06 116629 
36.125 473715 2.06156e+06 3.92474e+06 3.54547e+06 117980 
36.25 467809 2.02162e+06 3.93275e+06 3.58196e+06 119323 
36.375 462397 1.98232e+06 3.93996e+06 3.61814e+06 120660 
36.5 457455 1.94365e+06 3.94639e+06 3.65399e+06 121989 
36.625 452965 1.90562e+06 3.95205e+06 3.68952e+06 123311 
36.75 448904 1.86823e+06 3.95697e+06 3.72473e+06 124626 
36.875 445256 1.83149e+06 3.96117e+06 3.75962e+06 125933 
37 442003 1.79539e+06 3.96465e+06 3.79419e+06 127233 
37.125 439128 1.75993e+06 3.96744e+06 3.82844e+06 128526 
37.25 436614 1.72511e+06 3.96956e+06 3.86237e+06 129811 
37.375 434449 1.69093e+06 3.97102e+06 3.89598e+06 131089 
37.5 432617 1.65738e+06 3.97183e+06 3.92928e+06 132359 
37.625 431105 1.62446e+06 3.97203e+06 3.96225e+06 133623 
37.75 429902 1.59216e+06 3.97161e+06 3.99491e+06 134878 
37.875 428995 1.56049e+06 3.9706e+06 4.02726e+06 136127 
38 428373 1.52942e+06 3.96902e+06 4.05929e+06 137368 
38.125 428026 1.49897e+06 3.96687e+06 4.091e+06 138602 
38.25 427944 1.46911e+06 3.96418e+06 4.1224e+06 139828 
38.375 428117 1.43985e+06 3.96096e+06 4.15349e+06 141047 
38.5 428537 1.41117e+06 3.95723e+06 4.18427e+06 142259 
38.625 429196 1.38307e+06 3.95299e+06 4.21474e+06 143464 
38.75 430084 1.35554e+06 3.94828e+06 4.24491e+06 144661 
38.875 431196 1.32857e+06 3.94309e+06 4.27476e+06 145851 
39 432523 1.30216e+06 3.93744e+06 4.30431e+06 147034 
39.125 434059 1.27629e+06 3.93135e+06 4.33356e+06 148209 
39.25 435797 1.25096e+06 3.92483e+06 4.3625e+06 149378 
39.375 437732 1.22616e+06 3.91789e+06 4.39115e+06 150539 
39.5 439858 1.20187e+06 3.91055e+06 4.41949e+06 151693 
39.625 442169 1.1781e+06 3.90282e+06 4.44753e+06 152840 
39.75 444660 1.15483e+06 3.89471e+06 4.47528e+06 153980 
39.875 447326 1.13205e+06 3.88623e+06 4.50274e+06 155113 
40 450162 1.10976e+06 3.8774e+06 4.5299e+06 156239 
40.125 453164 1.08794e+06 3.86823e+06 4.55677e+06 157358 
40.25 456328 1.06659e+06 3.85872e+06 4.58335e+06 158470 
40.375 459649 1.0457e+06 3.8489e+06 4.60964e+06 159575 
40.5 463123 1.02526e+06 3.83876e+06 4.63565e+06 160673 
40.625 466748 1.00526e+06 3.82833e+06 4.66137e+06 161764 
40.75 470519 985686 3.81761e+06 4.68681e+06 162848 
40.875 474432 966539 3.80661e+06 4.71196e+06 163926 
41 478485 947808 3.79534e+06 4.73684e+06 164997 
41.125 482675 929484 3.78381e+06 4.76144e+06 166061 
41.25 486998 911558 3.77203e+06 4.78576e+06 167118 
41.375 491452 894023 3.76001e+06 4.80981e+06 168169 
41.5 496034 876870 3.74776e+06 4.83358e+06 169213 
41.625 500741 860092 3.73529e+06 4.85709e+06 170250 
41.75 505571 843680 3.72261e+06 4.88032e+06 171281 
41.875 510520 827627 3.70972e+06 4.90329e+06 172306 
42 515588 811926 3.69664e+06 4.92599e+06 173324 
42.125 520772 796569 3.68336e+06 4.94843e+06 174335 
42.25 526069 781548 3.6699e+06 4.9706e+06 175340 
42.375 531477 766856 3.65628e+06 4.99252e+06 176339 
42.5 536995 752487 3.64248e+06 5.01417e+06 177331 
42.625 542620 738433 3.62852e+06 5.03557e+06 178317 
42.75 548350 724687 3.61442e+06 5.05672e+06 179297 
42.875 554184 711242 3.60016e+06 5.07761e+06 180270 
43 560119 698093 3.58577e+06 5.09824e+06 181237 
43.125 566155 685232 3.57125e+06 5.11863e+06 182198 
43.25 572289 672653 3.5566e+06 5.13877e+06 183153 
43.375 578519 660349 3.54183e+06 5.15866e+06 184102 
43.5 584845 648316 3.52695e+06 5.17831e+06 185044 
43.625 591264 636546 3.51196e+06 5.19771e+06 185981 
43.75 597776 625033 3.49687e+06 5.21687e+06 186912 
43.875 604377 613773 3.48168e+06 5.2358e+06 187836 
44 611068 602759 3.4664e+06 5.25448e+06 188755 
44.125 617847 591986 3.45104e+06 5.27293e+06 189668 
44.25 624712 581448 3.43559e+06 5.29114e+06 190575 
44.375 631662 571140 3.42007e+06 5.30912e+06 191476 
44.5 638696 561057 3.40448e+06 5.32687e+06 192371 
44.625 645812 551193 3.38882e+06 5.34438e+06 193261 
44.75 653009 541544 3.37309e+06 5.36167e+06 194145 
44.875 660286 532105 3.35731e+06 5.37874e+06 195023 
45 667642 522871 3.34148e+06 5.39558e+06 195895 
45.125 675076 513838 3.3256e+06 5.41219e+06 196762 
45.25 682586 505000 3.30967e+06 5.42858e+06 197624 
45.375 690171 496354 3.29371e+06 5.44476e+06 198479 
45.5 697831 487895 3.2777e+06 5.46071e+06 199330 
45.625 705563 479618 3.26166e+06 5.47645e+06 200174 
45.75 713368 471520 3.2456e+06 5.49197e+06 201014 
45.875 721243 463597 3.2295e+06 5.50728e+06 201847 
46 729188 455844 3.21338e+06 5.52237e+06 202676 
46.125 737203 448258 3.19725e+06 5.53726e+06 203499 
46.25 745285 440834 3.18109e+06 5.55194e+06 204317 
46.375 753434 433570 3.16493e+06 5.5664e+06 205129 
46.5 761649 426461 3.14875e+06 5.58067e+06 205936 
46.625 769929 419505 3.13257e+06 5.59473e+06 206738 
46.75 778272 412696 3.11638e+06 5.60858e+06 207535 
46.875 786679 406033 3.10019e+06 5.62224e+06 208327 
47 795148 399511 3.084e+06 5.63569e+06 209113 
47.125 803679 393129 3.06782e+06 5.64895e+06 209895 
47.25 812269 386881 3.05164e+06 5.66201e+06 210671 
47.375 820920 380766 3.03547e+06 5.67487e+06 211442 
47.5 829628 374780 3.01931e+06 5.68754e+06 212209 
47.625 838395 368921 3.00316e+06 5.70002e+06 212970 
47.75 847218 363185 2.98703e+06 5.71231e+06 213727 
47.875 856097 357570 2.97092e+06 5.7244e+06 214478 
48 865032 352073 2.95482e+06 5.73631e+06 215225 
48.125 874020 346691 2.93875e+06 5.74804e+06 215967 
48.25 883063 341422 2.9227e+06 5.75957e+06 216704 
48.375 892158 336263 2.90668e+06 5.77093e+06 217436 
48.5 901305 331211 2.89069e+06 5.7821e+06 218163 
48.625 910503 326265 2.87472e+06 5.79309e+06 218886 
48.75 919752 321422 2.85878e+06 5.8039e+06 219604 
48.875 929050 316680 2.84288e+06 5.81454e+06 220317 
49 938397 312036 2.82701e+06 5.82499e+06 221026 
49.125 947792 307488 2.81118e+06 5.83527e+06 221730 
49.25 957235 303034 2.79539e+06 5.84538e+06 222430 
49.375 966724 298672 2.77963e+06 5.85532e+06 223125 
49.5 976259 294399 2.76391e+06 5.86508e+06 223815 
49.625 985839 290215 2.74824e+06 5.87467e+06 224502 
49.75 995463 286117 2.7326e+06 5.8841e+06 225183 
49.875 1.00513e+06 282102 2.71702e+06 5.89336e+06 225860 
50 1.01484e+06 278170 2.70147e+06 5.90245e+06 226533 
50.125 1.0246e+06 274318 2.68597e+06 5.91138e+06 227201 
50.25 1.03439e+06 270544 2.67052e+06 5.92014e+06 227865 
50.375 1.04423e+06 266848 2.65512e+06 5.92874e+06 228525 
50.5 1.0541e+06 263226 2.63977e+06 5.93718e+06 229181 
50.625 1.06402e+06 259678 2.62447e+06 5.94547e+06 229832 
50.75 1.07398e+06 256202 2.60922e+06 5.95359e+06 230479 
50.875 1.08397e+06 252796 2.59402e+06 5.96156e+06 231122 
51 1.094e+06 249459 2.57888e+06 5.96937e+06 231760 
51.125 1.10407e+06 246190 2.56379e+06 5.97702e+06 232395 
51.25 1.11417e+06 242986 2.54876e+06 5.98453e+06 233025 
51.375 1.12431e+06 239847 2.53378e+06 5.99188e+06 233651 
51.5 1.13449e+06 236770 2.51886e+06 5.99908e+06 234273 
51.625 1.1447e+06 233756 2.50399e+06 6.00613e+06 234892 
51.75 1.15494e+06 230801 2.48918e+06 6.01304e+06 235506 
51.875 1.16522e+06 227906 2.47444e+06 6.01979e+06 236116 
52 1.17553e+06 225069 2.45975e+06 6.0264e+06 236722 
52.125 1.18587e+06 222288 2.44512e+06 6.03287e+06 237324 
52.25 1.19624e+06 219562 2.43055e+06 6.03919e+06 237923 
52.375 1.20664e+06 216891 2.41604e+06 6.04537e+06 238517 
52.5 1.21708e+06 214273 2.4016e+06 6.05141e+06 239108 
52.625 1.22754e+06 211706 2.38721e+06 6.05731e+06 239695 
52.75 1.23803e+06 209191 2.37289e+06 6.06307e+06 240278 
52.875 1.24855e+06 206725 2.35864e+06 6.06869e+06 240857 
53 1.2591e+06 204308 2.34444e+06 6.07418e+06 241432 
53.125 1.26968e+06 201939 2.33031e+06 6.07953e+06 242004 
53.25 1.28028e+06 199616 2.31624e+06 6.08475e+06 242572 
53.375 1.29091e+06 197340 2.30224e+06 6.08983e+06 243136 
53.5 1.30157e+06 195108 2.28831e+06 6.09478e+06 243697 
53.625 1.31225e+06 192920 2.27444e+06 6.09961e+06 244254 
53.75 1.32296e+06 190775 2.26063e+06 6.1043e+06 244808 
53.875 1.33368e+06 188672 2.24689e+06 6.10886e+06 245358 
54 1.34444e+06 186610 2.23322e+06 6.1133e+06 245904 
54.125 1.35521e+06 184589 2.21961e+06 6.1176e+06 246447 
54.25 1.36601e+06 182608 2.20607e+06 6.12179e+06 246986 
54.375 1.37683e+06 180665 2.1926e+06 6.12585e+06 247522 
54.5 1.38768e+06 178760 2.17919e+06 6.12978e+06 248054 
54.625 1.39854e+06 176893 2.16585e+06 6.1336e+06 248583 
54.75 1.40943e+06 175062 2.15258e+06 6.13729e+06 249109 
54.875 1.42033e+06 173267 2.13938e+06 6.14086e+06 249631 
55 1.43125e+06 171507 2.12624e+06 6.14431e+06 250150 
55.125 1.4422e+06 169781 2.11318e+06 6.14765e+06 250665 
55.25 1.45316e+06 168089 2.10018e+06 6.15087e+06 251177 
55.375 1.46414e+06 166431 2.08724e+06 6.15397e+06 251686 
55.5 1.47513e+06 164804 2.07438e+06 6.15695e+06 252192 
55.625 1.48615e+06 163210 2.06159e+06 6.15983e+06 252694 
55.75 1.49718e+06 161647 2.04886e+06 6.16259e+06 253193 
55.875 1.50823e+06 160114 2.0362e+06 6.16523e+06 253689 
56 1.51929e+06 158611 2.02361e+06 6.16777e+06 254182 
56.125 1.53037e+06 157138 2.01109e+06 6.1702e+06 254671 
56.25 1.54146e+06 155693 1.99864e+06 6.17252e+06 255158 
56.375 1.55257e+06 154277 1.98625e+06 6.17473e+06 255641 
56.5 1.56369e+06 152889 1.97394e+06 6.17683e+06 256121 
56.625 1.57483e+06 151528 1.96169e+06 6.17882e+06 256598 
56.75 1.58598e+06 150194 1.94951e+06 6.18071e+06 257072 
56.875 1.59714e+06 148886 1.9374e+06 6.1825e+06 257543 
57 1.60831e+06 147603 1.92536e+06 6.18418e+06 258011 
57.125 1.61949e+06 146347 1.91338e+06 6.18576e+06 258476 
57.25 1.63069e+06 145115 1.90148e+06 6.18724e+06 258938 
57.375 1.6419e+06 143907 1.88964e+06 6.18862e+06 259397 
57.5 1.65312e+06 142723 1.87787e+06 6.1899e+06 259854 
57.625 1.66434e+06 141563 1.86617e+06 6.19108e+06 260307 
57.75 1.67558e+06 140426 1.85454e+06 6.19216e+06 260757 
57.875 1.68683e+06 139312 1.84297e+06 6.19315e+06 261205 
58 1.69808e+06 138220 1.83148e+06 6.19404e+06 261650 
58.125 1.70935e+06 137150 1.82005e+06 6.19483e+06 262091 
58.25 1.72062e+06 136102 1.80869e+06 6.19553e+06 262531 
58.375 1.7319e+06 135074 1.79739e+06 6.19613e+06 262967 
58.5 1.74319e+06 134068 1.78617e+06 6.19665e+06 263400 
58.625 1.75448e+06 133082 1.77501e+06 6.19707e+06 263831 
58.75 1.76578e+06 132116 1.76391e+06 6.1974e+06 264259 
58.875 1.77709e+06 131170 1.75289e+06 6.19764e+06 264685 
59 1.7884e+06 130243 1.74193e+06 6.19779e+06 265107 
59.125 1.79971e+06 129335 1.73104e+06 6.19785e+06 265527 
59.25 1.81104e+06 128447 1.72021e+06 6.19783e+06 265945 
59.375 1.82236e+06 127576 1.70945e+06 6.19771e+06 266359 
59.5 1.83369e+06 126724 1.69876e+06 6.19752e+06 266771 
59.625 1.84503e+06 125890 1.68813e+06 6.19723e+06 267181 
59.75 1.85637e+06 125073 1.67757e+06 6.19687e+06 267588 
59.875 1.86771e+06 124274 1.66708e+06 6.19642e+06 267992 
60 1.87905e+06 123492 1.65665e+06 6.19588e+06 268394 
60.125 1.8904e+06 122726 1.64628e+06 6.19527e+06 268794 
60.25 1.90174e+06 121978 1.63598e+06 6.19457e+06 269191 
60.375 1.91309e+06 121245 1.62575e+06 6.1938e+06 269585 
60.5 1.92444e+06 120528 1.61558e+06 6.19294e+06 269977 
60.625 1.9358e+06 119828 1.60547e+06 6.19201e+06 270366 
60.75 1.94715e+06 119142 1.59543e+06 6.19099e+06 270753 
60.875 1.9585e+06 118473 1.58545e+06 6.1899e+06 271138 
61 1.96985e+06 117818 1.57554e+06 6.18874e+06 271520 
61.125 1.9812e+06 117178 1.56569e+06 6.1875e+06 271900 
61.25 1.99255e+06 116553 1.5559e+06 6.18618e+06 272278 
61.375 2.0039e+06 115942 1.54618e+06 6.18479e+06 272653 
61.5 2.01525e+06 115346 1.53652e+06 6.18332e+06 273026 
61.625 2.0266e+06 114764 1.52692e+06 6.18179e+06 273397 
61.75 2.03794e+06 114195 1.51739e+06 6.18018e+06 273765 
61.875 2.04928e+06 113640 1.50792e+06 6.1785e+06 274131 
62 2.06062e+06 113099 1.49851e+06 6.17674e+06 274495 
62.125 2.07196e+06 112571 1.48916e+06 6.17492e+06 274856 
62.25 2.08329e+06 112057 1.47987e+06 6.17303e+06 275216 
62.375 2.09462e+06 111555 1.47065e+06 6.17108e+06 275573 
62.5 2.10594e+06 111066 1.46148e+06 6.16905e+06 275928 
62.625 2.11726e+06 110590 1.45238e+06 6.16696e+06 276281 
62.75 2.12857e+06 110126 1.44334e+06 6.1648e+06 276631 
62.875 2.13988e+06 109675 1.43436e+06 6.16257e+06 276980 
63 2.15118e+06 109236 1.42544e+06 6.16028e+06 277326 
63.125 2.16248e+06 108809 1.41658e+06 6.15793e+06 277671 
63.25 2.17377e+06 108394 1.40778e+06 6.15551e+06 278013 
63.375 2.18506e+06 107991 1.39903e+06 6.15303e+06 278353 
63.5 2.19633e+06 107599 1.39035e+06 6.15049e+06 278691 
63.625 2.2076e+06 107219 1.38173e+06 6.14788e+06 279027 
63.75 2.21887e+06 106851 1.37317e+06 6.14522e+06 279361 
63.875 2.23012e+06 106493 1.36466e+06 6.14249e+06 279694 
64 2.24137e+06 106147 1.35621e+06 6.13971e+06 280024 
64.125 2.25261e+06 105812 1.34783e+06 6.13687e+06 280352 
64.25 2.26384e+06 105488 1.3395e+06 6.13396e+06 280678 
64.375 2.27506e+06 105175 1.33122e+06 6.131e+06 281002 
64.5 2.28627e+06 104873 1.32301e+06 6.12799e+06 281324 
64.625 2.29748e+06 104581 1.31485e+06 6.12492e+06 281645 
64.75 2.30867e+06 104300 1.30675e+06 6.12179e+06 281963 
64.875 2.31985e+06 104029 1.2987e+06 6.1186e+06 282280 
65 2.33102e+06 103768 1.29072e+06 6.11536e+06 282595 
65.125 2.34218e+06 103518 1.28278e+06 6.11207e+06 282908 
65.25 2.35333e+06 103278 1.27491e+06 6.10873e+06 283219 
65.375 2.36447e+06 103049 1.26709e+06 6.10533e+06 283528 
65.5 2.3756e+06 102829 1.25933e+06 6.10188e+06 283835 
65.625 2.38671e+06 102619 1.25162e+06 6.09838e+06 284141 
65.75 2.39781e+06 102419 1.24396e+06 6.09483e+06 284445 
65.875 2.4089e+06 102229 1.23636e+06 6.09122e+06 284747 
66 2.41998e+06 102049 1.22882e+06 6.08757e+06 285047 
66.125 2.43104e+06 101878 1.22133e+06 6.08387e+06 285346 
66.25 2.44209e+06 101717 1.21389e+06 6.08012e+06 285643 
66.375 2.45313e+06 101566 1.20651e+06 6.07632e+06 285938 
66.5 2.46415e+06 101424 1.19918e+06 6.07248e+06 286232 
66.625 2.47516e+06 101292 1.19191e+06 6.06859e+06 286524 
66.75 2.48615e+06 101169 1.18469e+06 6.06465e+06 286814 
66.875 2.49713e+06 101055 1.17752e+06 6.06066e+06 287102 
67 2.50809e+06 100951 1.1704e+06 6.05664e+06 287389 
67.125 2.51903e+06 100856 1.16334e+06 6.05256e+06 287675 
67.25 2.52996e+06 100770 1.15633e+06 6.04845e+06 287958 
67.375 2.54088e+06 100693 1.14937e+06 6.04429e+06 288241 
67.5 2.55177e+06 100626 1.14246e+06 6.04008e+06 288521 
67.625 2.56266e+06 100567 1.13561e+06 6.03584e+06 288800 
67.75 2.57352e+06 100518 1.1288e+06 6.03155e+06 289077 
67.875 2.58436e+06 100478 1.12205e+06 6.02722e+06 289353 
68 2.59519e+06 100447 1.11535e+06 6.02285e+06 289628 
68.125 2.606e+06 100425 1.10869e+06 6.01844e+06 289901 
68.25 2.61679e+06 100411 1.10209e+06 6.014e+06 290172 
68.375 2.62757e+06 100407 1.09554e+06 6.00951e+06 290442 
68.5 2.63832e+06 100412 1.08904e+06 6.00498e+06 290710 
68.625 2.64905e+06 100426 1.08259e+06 6.00042e+06 290977 
68.75 2.65977e+06 100448 1.07619e+06 5.99582e+06 291243 
68.875 2.67046e+06 100480 1.06984e+06 5.99118e+06 291507 
69 2.68114e+06 100520 1.06354e+06 5.9865e+06 291770 
69.125 2.69179e+06 100569 1.05728e+06 5.98179e+06 292031 
69.25 2.70242e+06 100627 1.05108e+06 5.97705e+06 292291 
69.375 2.71304e+06 100694 1.04492e+06 5.97227e+06 292549 
69.5 2.72363e+06 100770 1.03881e+06 5.96745e+06 292806 
69.625 2.7342e+06 100855 1.03275e+06 5.9626e+06 293062 
69.75 2.74474e+06 100949 1.02674e+06 5.95772e+06 293317 
69.875 2.75527e+06 101051 1.02078e+06 5.9528e+06 293570 
70 2.76577e+06 101163 1.01486e+06 5.94785e+06 293822 
70.125 2.77625e+06 101283 1.00899e+06 5.94287e+06 294072 
70.25 2.7867e+06 101412 1.00317e+06 5.93786e+06 294321 
70.375 2.79713e+06 101550 997393 5.93282e+06 294569 
70.5 2.80754e+06 101697 991665 5.92775e+06 294816 
70.625 2.81792e+06 101853 985983 5.92264e+06 295061 
70.75 2.82828e+06 102019 980348 5.91751e+06 295306 
70.875 2.83862e+06 102193 974759 5.91235e+06 295549 
71 2.84893e+06 102376 969216 5.90716e+06 295790 
71.125 2.85921e+06 102568 963719 5.90194e+06 296031 
71.25 2.86947e+06 102769 958267 5.89669e+06 296270 
71.375 2.8797e+06 102979 952861 5.89142e+06 296508 
71.5 2.8899e+06 103199 947500 5.88612e+06 296745 
71.625 2.90008e+06 103427 942184 5.8808e+06 296981 
71.75 2.91023e+06 103665 936913 5.87544e+06 297216 
71.875 2.92035e+06 103912 931687 5.87007e+06 297450 
72 2.93044e+06 104169 926506 5.86467e+06 297682 
72.125 2.94051e+06 104434 921369 5.85924e+06 297914 
72.25 2.95055e+06 104710 916277 5.85379e+06 298144 
72.375 2.96055e+06 104994 911228 5.84832e+06 298373 
72.5 2.97053e+06 105288 906223 5.84282e+06 298601 
72.625 2.98048e+06 105591 901263 5.8373e+06 298828 
72.75 2.9904e+06 105905 896345 5.83176e+06 299055 
72.875 3.00029e+06 106227 891472 5.8262e+06 299280 
73 3.01015e+06 106560 886641 5.82061e+06 299504 
73.125 3.01998e+06 106902 881854 5.81501e+06 299727 
73.25 3.02977e+06 107254 877110 5.80938e+06 299949 
73.375 3.03953e+06 107615 872409 5.80374e+06 300170 
73.5 3.04927e+06 107987 867750 5.79807e+06 300390 
73.625 3.05897e+06 108369 863134 5.79239e+06 300609 
73.75 3.06863e+06 108760 858561 5.78669e+06 300827 
73.875 3.07826e+06 109162 854030 5.78097e+06 301044 
74 3.08786e+06 109574 849541 5.77523e+06 301261 
74.125 3.09743e+06 109997 845094 5.76947e+06 301476 
74.25 3.10696e+06 110429 840689 5.7637e+06 301691 
74.375 3.11645e+06 110873 836326 5.75791e+06 301904 
74.5 3.12591e+06 111326 832004 5.75211e+06 302117 
74.625 3.13534e+06 111790 827724 5.74628e+06 302329 
74.75 3.14473e+06 112265 823486 5.74045e+06 302540 
74.875 3.15408e+06 112751 819289 5.7346e+06 302750 
75 3.16339e+06 113248 815133 5.72873e+06 302959 
75.125 3.17267e+06 113755 811018 5.72285e+06 303168 
75.25 3.18191e+06 114274 806944 5.71696e+06 303375 
75.375 3.19111e+06 114803 802911 5.71106e+06 303582 
75.5 3.20028e+06 115344 798919 5.70514e+06 303789 
75.625 3.2094e+06 115896 794967 5.69921e+06 303994 
75.75 3.21849e+06 116460 791056 5.69326e+06 304199 
75.875 3.22753e+06 117035 787186 5.68731e+06 304402 
76 3.23654e+06 117622 783355 5.68135e+06 304606 
76.125 3.2455e+06 118221 779566 5.67537e+06 304808 
76.25 3.25443e+06 118832 775816 5.66938e+06 305010 
76.375 3.26331e+06 119454 772106 5.66339e+06 305211 
76.5 3.27215e+06 120089 768437 5.65738e+06 305411 
76.625 3.28094e+06 120736 764807 5.65137e+06 305611 
76.75 3.2897e+06 121395 761218 5.64535e+06 305810 
76.875 3.29841e+06 122067 757668 5.63932e+06 306008 
77 3.30707e+06 122751 754158 5.63328e+06 306205 
77.125 3.3157e+06 123448 750687 5.62723e+06 306403 
77.25 3.32427e+06 124158 747256 5.62118e+06 306599 
77.375 3.33281e+06 124880 743865 5.61512e+06 306795 
77.5 3.34129e+06 125616 740513 5.60905e+06 306990 
77.625 3.34973e+06 126366 737201 5.60298e+06 307185 
77.75 3.35813e+06 127128 733928 5.59691e+06 307379 
77.875 3.36647e+06 127904 730694 5.59082e+06 307572 
78 3.37477e+06 128694 727500 5.58474e+06 307765 
78.125 3.38302e+06 129498 724345 5.57865e+06 307958 
78.25 3.39122e+06 130315 721229 5.57255e+06 308149 
78.375 3.39937e+06 131147 718152 5.56646e+06 308341 
78.5 3.40747e+06 131993 715114 5.56036e+06 308532 
78.625 3.41552e+06 132853 712115 5.55425e+06 308722 
78.75 3.42352e+06 133728 709156 5.54815e+06 308912 
78.875 3.43147e+06 134618 706235 5.54204e+06 309102 
79 3.43936e+06 135523 703354 5.53594e+06 309291 
79.125 3.44721e+06 136443 700511 5.52983e+06 309479 
79.25 3.455e+06 137378 697708 5.52372e+06 309667 
79.375 3.46273e+06 138328 694943 5.51761e+06 309855 
79.5 3.47041e+06 139294 692217 5.5115e+06 310042 
79.625 3.47804e+06 140276 689531 5.50539e+06 310229 
79.75 3.48561e+06 141274 686883 5.49929e+06 310416 
79.875 3.49312e+06 142288 684274 5.49318e+06 310602 
80 3.50058e+06 143318 681704 5.48708e+06 310788 
80.125 3.50798e+06 144365 679173 5.48098e+06 310973 
80.25 3.51532e+06 145428 676681 5.47488e+06 311159 
80.375 3.5226e+06 146508 674228 5.46878e+06 311343 
80.5 3.52983e+06 147605 671814 5.46269e+06 311528 
80.625 3.53699e+06 148720 669439 5.4566e+06 311712 
80.75 3.54409e+06 149852 667103 5.45052e+06 311896 
80.875 3.55114e+06 151002 664807 5.44444e+06 312080 
81 3.55812e+06 152169 662549 5.43837e+06 312263 
81.125 3.56503e+06 153355 660330 5.4323e+06 312447 
81.25 3.57189e+06 154559 658151 5.42624e+06 312630 
81.375 3.57868e+06 155781 656011 5.42019e+06 312812 
81.5 3.5854e+06 157022 653910 5.41414e+06 312995 
81.625 3.59206e+06 158282 651848 5.4081e+06 313177 
81.75 3.59866e+06 159561 649826 5.40206e+06 313360 
81.875 3.60518e+06 160859 647843 5.39604e+06 313542 
82 3.61164e+06 162177 645900 5.39002e+06 313724 
82.125 3.61803e+06 163515 643996 5.38402e+06 313905 
82.25 3.62436e+06 164873 642132 5.37802e+06 314087 
82.375 3.63061e+06 166251 640308 5.37203e+06 314269 
82.5 3.63679e+06 167649 638523 5.36605e+06 314450 
82.625 3.6429e+06 169068 636779 5.36008e+06 314632 
82.75 3.64894e+06 170508 635074 5.35413e+06 314813 
82.875 3.65491e+06 171969 633409 5.34818e+06 314994 
83 3.6608e+06 173452 631784 5.34225e+06 315175 
83.125 3.66662e+06 174956 630200 5.33633e+06 315357 
83.25 3.67237e+06 176482 628656 5.33042e+06 315538 
83.375 3.67804e+06 178030 627152 5.32453e+06 315719 
83.5 3.68363e+06 179600 625689 5.31865e+06 315900 
83.625 3.68914e+06 181193 624266 5.31278e+06 316081 
83.75 3.69458e+06 182809 622884 5.30693e+06 316263 
83.875 3.69994e+06 184448 621543 5.30109e+06 316444 
84 3.70521e+06 186110 620243 5.29527e+06 316626 
84.125 3.71041e+06 187795 618984 5.28947e+06 316807 
84.25 3.71553e+06 189505 617766 5.28368e+06 316989 
84.375 3.72056e+06 191239 616589 5.27791e+06 317170 
84.5 3.72551e+06 192997 615454 5.27215e+06 317352 
84.625 3.73038e+06 194779 614361 5.26642e+06 317534 
84.75 3.73516e+06 196586 613309 5.2607e+06 317717 
84.875 3.73985e+06 198419 612299 5.255e+06 317899 
85 3.74446e+06 200277 611332 5.24931e+06 318081 
85.125 3.74898e+06 202160 610406 5.24365e+06 318264 
85.25 3.75342e+06 204069 609523 5.23801e+06 318447 
85.375 3.75776e+06 206004 608682 5.23239e+06 318630 
85.5 3.76201e+06 207966 607884 5.22679e+06 318814 
85.625 3.76617e+06 209954 607129 5.22121e+06 318998 
85.75 3.77024e+06 211969 606417 5.21565e+06 319182 
85.875 3.77422e+06 214012 605748 5.21012e+06 319366 
86 3.7781e+06 216081 605123 5.20461e+06 319551 
86.125 3.78189e+06 218178 604541 5.19912e+06 319736 
86.25 3.78559e+06 220304 604003 5.19365e+06 319921 
86.375 3.78918e+06 222457 603509 5.18821e+06 320107 
86.5 3.79268e+06 224639 603058 5.1828e+06 320293 
86.625 3.79608e+06 226849 602653 5.17741e+06 320479 
86.75 3.79938e+06 229088 602291 5.17204e+06 320666 
86.875 3.80258e+06 231356 601975 5.1667e+06 320853 
87 3.80568e+06 233654 601703 5.16139e+06 321041 
87.125 3.80867e+06 235981 601476 5.1561e+06 321229 
87.25 3.81157e+06 238338 601295 5.15085e+06 321418 
87.375 3.81436e+06 240726 601159 5.14562e+06 321607 
87.5 3.81704e+06 243143 601069 5.14042e+06 321797 
87.625 3.81962e+06 245591 601025 5.13525e+06 321987 
87.75 3.82209e+06 248070 601027 5.1301e+06 322178 
87.875 3.82445e+06 250580 601076 5.12499e+06 322369 
88 3.8267e+06 253121 601171 5.11991e+06 322561 
88.125 3.82884e+06 255693 601313 5.11486e+06 322754 
88.25 3.83087e+06 258298 601502 5.10985e+06 322947 
88.375 3.83279e+06 260934 601738 5.10486e+06 323141 
88.5 3.8346e+06 263602 602022 5.09991e+06 323335 
88.625 3.83629e+06 266302 602354 5.09499e+06 323531 
88.75 3.83787e+06 269035 602734 5.0901e+06 323726 
88.875 3.83933e+06 271800 603162 5.08525e+06 323923 
89 3.84067e+06 274598 603638 5.08043e+06 324120 
89.125 3.8419e+06 277430 604164 5.07565e+06 324318 
89.25 3.84301e+06 280294 604738 5.07091e+06 324517 
89.375 3.844e+06 283192 605361 5.0662e+06 324717 
89.5 3.84486e+06 286123 606034 5.06153e+06 324917 
89.625 3.84561e+06 289087 606757 5.05689e+06 325118 
89.75 3.84623e+06 292086 607530 5.0523e+06 325320 
89.875 3.84673e+06 295118 608353 5.04774e+06 325523 
90 3.84711e+06 298184 609226 5.04322e+06 325727 
90.125 3.84736e+06 301284 610150 5.03874e+06 325932 
90.25 3.84748e+06 304419 611125 5.0343e+06 326137 
90.375 3.84748e+06 307588 612151 5.02991e+06 326344 
90.5 3.84734e+06 310791 613229 5.02555e+06 326551 
90.625 3.84708e+06 314028 614358 5.02124e+06 326760 
90.75 3.84669e+06 317300 615540 5.01696e+06 326969 
90.875 3.84617e+06 320607 616773 5.01273e+06 327179 
91 3.84552e+06 323948 618059 5.00855e+06 327391 
91.125 3.84473e+06 327324 619398 5.00441e+06 327603 
91.25 3.84382e+06 330734 620789 5.00031e+06 327817 
91.375 3.84276e+06 334178 622234 4.99626e+06 328032 
91.5 3.84158e+06 337658 623732 4.99225e+06 328248 
91.625 3.84025e+06 341172 625284 4.98829e+06 328464 
91.75 3.83879e+06 344720 626889 4.98438e+06 328683 
91.875 3.8372e+06 348303 628549 4.98051e+06 328902 
92 3.83546e+06 351920 630263 4.9767e+06 329122 
92.125 3.83359e+06 355571 632032 4.97293e+06 329344 
92.25 3.83158e+06 359256 633855 4.96921e+06 329567 
92.375 3.82943e+06 362975 635733 4.96554e+06 329791 
92.5 3.82714e+06 366729 637667 4.96192e+06 330016 
92.625 3.82471e+06 370515 639655 4.95835e+06 330243 
92.75 3.82213e+06 374336 641700 4.95483e+06 330471 
92.875 3.81942e+06 378189 643800 4.95136e+06 330700 
93 3.81656e+06 382076 645956 4.94795e+06 330931 
93.125 3.81355e+06 385996 648169 4.94458e+06 331163 
93.25 3.81041e+06 389948 650437 4.94128e+06 331396 
93.375 3.80712e+06 393932 652763 4.93802e+06 331631 
93.5 3.80368e+06 397949 655145 4.93482e+06 331868 
93.625 3.8001e+06 401997 657583 4.93168e+06 332105 
93.75 3.79638e+06 406076 660079 4.92859e+06 332345 
93.875 3.79251e+06 410186 662632 4.92556e+06 332585 
94 3.78849e+06 414327 665242 4.92258e+06 332827 
94.125 3.78433e+06 418499 667910 4.91966e+06 333071 
94.25 3.78002e+06 422699 670635 4.9168e+06 333316 
94.375 3.77556e+06 426930 673418 4.91399e+06 333563 
94.5 3.77096e+06 431189 676259 4.91125e+06 333812 
94.625 3.76621e+06 435476 679157 4.90856e+06 334062 
94.75 3.76131e+06 439791 682113 4.90594e+06 334313 
94.875 3.75626e+06 444133 685128 4.90337e+06 334567 
95 3.75107e+06 448502 688200 4.90087e+06 334822 
95.125 3.74573e+06 452897 691330 4.89843e+06 335078 
95.25 3.74025e+06 457318 694519 4.89604e+06 335337 
95.375 3.73462e+06 461763 697765 4.89372e+06 335597 
95.5 3.72884e+06 466232 701070 4.89147e+06 335859 
95.625 3.72291e+06 470725 704433 4.88927e+06 336122 
95.75 3.71684e+06 475240 707854 4.88714e+06 336388 
95.875 3.71062e+06 479777 711333 4.88508e+06 336655 
96 3.70426e+06 484336 714871 4.88308e+06 336924 
96.125 3.69775e+06 488914 718466 4.88114e+06 337194 
96.25 3.6911e+06 493512 722119 4.87927e+06 337467 
96.375 3.6843e+06 498129 725830 4.87746e+06 337742 
96.5 3.67736e+06 502764 729599 4.87572e+06 338018 
96.625 3.67028e+06 507415 733425 4.87405e+06 338296 
96.75 3.66305e+06 512082 737309 4.87244e+06 338577 
96.875 3.65569e+06 516764 741251 4.87091e+06 338859 
97 3.64818e+06 521460 745249 4.86944e+06 339143 
97.125 3.64053e+06 526169 749304 4.86803e+06 339429 
97.25 3.63274e+06 530890 753416 4.8667e+06 339717 
97.375 3.62482e+06 535621 757585 4.86544e+06 340007 
97.5 3.61675e+06 540363 761810 4.86424e+06 340299 
97.625 3.60855e+06 545112 766091 4.86311e+06 340593 
97.75 3.60022e+06 549869 770428 4.86206e+06 340889 
97.875 3.59175e+06 554633 774820 4.86107e+06 341187 
98 3.58315e+06 559401 779268 4.86016e+06 341488 
98.125 3.57442e+06 564174 783770 4.85931e+06 341790 
98.25 3.56556e+06 568949 788326 4.85854e+06 342094 
98.375 3.55657e+06 573725 792937 4.85784e+06 342401 
98.5 3.54745e+06 578501 797602 4.85721e+06 342709 
98.625 3.5382e+06 583276 802319 4.85665e+06 343020 
98.75 3.52883e+06 588049 807090 4.85616e+06 343333 
98.875 3.51934e+06 592817 811913 4.85575e+06 343648 
99 3.50973e+06 597581 816787 4.85541e+06 343965 
99.125 3.49999e+06 602337 821713 4.85514e+06 344285 
99.25 3.49014e+06 607086 826690 4.85494e+06 344606 
99.375 3.48018e+06 611825 831717 4.85482e+06 344930 
99.5 3.4701e+06 616553 836794 4.85477e+06 345256 
99.625 3.45991e+06 621269 841920 4.85479e+06 345584 
99.75 3.4496e+06 625971 847094 4.85488e+06 345915 
99.875 3.43919e+06 630658 852317 4.85505e+06 346247 
100 3.42868e+06 635327 857586 4.85529e+06 346582 
100.125 3.41806e+06 639979 862902 4.85561e+06 346919 
100.25 3.40733e+06 644611 868264 4.856e+06 347259 
100.375 3.39651e+06 649222 873670 4.85646e+06 347600 
100.5 3.38559e+06 653809 879121 4.857e+06 347944 
100.625 3.37458e+06 658373 884616 4.85761e+06 348290 
100.75 3.36347e+06 662910 890153 4.85829e+06 348639 
100.875 3.35227e+06 667420 895732 4.85905e+06 348989 
101 3.34099e+06 671902 901353 4.85988e+06 349342 
101.125 3.32962e+06 676352 907013 4.86078e+06 349697 
101.25 3.31817e+06 680771 912713 4.86176e+06 350055 
101.375 3.30663e+06 685156 918451 4.86281e+06 350415 
101.5 3.29502e+06 689506 924226 4.86393e+06 350777 
101.625 3.28334e+06 693819 930039 4.86513e+06 351141 
101.75 3.27158e+06 698094 935886 4.8664e+06 351508 
101.875 3.25975e+06 702329 941768 4.86774e+06 351876 
102 3.24786e+06 706523 947684 4.86915e+06 352248 
102.125 3.2359e+06 710674 953632 4.87064e+06 352621 
102.25 3.22388e+06 714781 959611 4.87219e+06 352997 
102.375 3.21181e+06 718843 965621 4.87382e+06 353375 
102.5 3.19967e+06 722857 971660 4.87552e+06 353755 
102.625 3.18749e+06 726822 977727 4.87729e+06 354137 
102.75 3.17525e+06 730737 983821 4.87913e+06 354522 
102.875 3.16297e+06 734601 989941 4.88104e+06 354909 
103 3.15065e+06 738412 996086 4.88302e+06 355298 
103.125 3.13828e+06 742168 1.00225e+06 4.88507e+06 355690 
103.25 3.12588e+06 745869 1.00844e+06 4.88719e+06 356083 
103.375 3.11344e+06 749512 1.01466e+06 4.88938e+06 356479 
103.5 3.10097e+06 753098 1.02089e+06 4.89164e+06 356878 
103.625 3.08847e+06 756623 1.02714e+06 4.89396e+06 357278 
103.75 3.07594e+06 760088 1.0334e+06 4.89635e+06 357680 
103.875 3.06339e+06 763490 1.03969e+06 4.89881e+06 358085 
104 3.05082e+06 766829 1.04599e+06 4.90134e+06 358492 
104.125 3.03824e+06 770104 1.0523e+06 4.90393e+06 358901 
104.25 3.02564e+06 773313 1.05862e+06 4.90658e+06 359312 
104.375 3.01303e+06 776455 1.06495e+06 4.9093e+06 359726 
104.5 3.00041e+06 779529 1.0713e+06 4.91209e+06 360141 
104.625 2.98779e+06 782533 1.07765e+06 4.91494e+06 360559 
104.75 2.97516e+06 785468 1.08401e+06 4.91785e+06 360978 
104.875 2.96254e+06 788332 1.09037e+06 4.92082e+06 361400 
105 2.94992e+06 791125 1.09674e+06 4.92386e+06 361824 
105.125 2.93731e+06 793844 1.10311e+06 4.92695e+06 362250 
105.25 2.9247e+06 796489 1.10948e+06 4.93011e+06 362678 
105.375 2.91211e+06 799060 1.11585e+06 4.93333e+06 363108 
105.5 2.89954e+06 801556 1.12222e+06 4.9366e+06 363540 
105.625 2.88699e+06 803976 1.12859e+06 4.93994e+06 363974 
105.75 2.87445e+06 806318 1.13496e+06 4.94333e+06 364410 
105.875 2.86194e+06 808584 1.14131e+06 4.94678e+06 364848 
106 2.84946e+06 810771 1.14766e+06 4.95028e+06 365287 
106.125 2.83701e+06 812880 1.154e+06 4.95384e+06 365729 
106.25 2.82459e+06 814909 1.16034e+06 4.95746e+06 366173 
106.375 2.81221e+06 816859 1.16666e+06 4.96113e+06 366618 
106.5 2.79986e+06 818728 1.17296e+06 4.96485e+06 367065 
106.625 2.78755e+06 820517 1.17926e+06 4.96862e+06 367515 
106.75 2.77529e+06 822226 1.18553e+06 4.97245e+06 367966 
106.875 2.76308e+06 823853 1.1918e+06 4.97632e+06 368418 
107 2.75091e+06 825398 1.19804e+06 4.98025e+06 368873 
107.125 2.73879e+06 826862 1.20426e+06 4.98422e+06 369329 
107.25 2.72673e+06 828244 1.21046e+06 4.98824e+06 369787 
107.375 2.71472e+06 829543 1.21664e+06 4.99231e+06 370247 
107.5 2.70277e+06 830761 1.2228e+06 4.99643e+06 370708 
107.625 2.69088e+06 831896 1.22893e+06 5.00059e+06 371171 
107.75 2.67906e+06 832950 1.23503e+06 5.00479e+06 371636 
107.875 2.66729e+06 833921 1.24111e+06 5.00904e+06 372102 
108 2.6556e+06 834809 1.24716e+06 5.01333e+06 372570 
108.125 2.64398e+06 835616 1.25317e+06 5.01766e+06 373039 
108.25 2.63242e+06 836341 1.25916e+06 5.02204e+06 373510 
108.375 2.62094e+06 836985 1.26511e+06 5.02645e+06 373982 
108.5 2.60954e+06 837547 1.27103e+06 5.0309e+06 374456 
108.625 2.59821e+06 838028 1.27691e+06 5.03539e+06 374931 
108.75 2.58696e+06 838428 1.28275e+06 5.03991e+06 375408 
108.875 2.57579e+06 838748 1.28856e+06 5.04448e+06 375886 
109 2.56471e+06 838988 1.29433e+06 5.04907e+06 376365 
109.125 2.55371e+06 839148 1.30006e+06 5.0537e+06 376846 
109.25 2.54279e+06 839229 1.30575e+06 5.05837e+06 377328 
109.375 2.53197e+06 839232 1.31139e+06 5.06306e+06 377812 
109.5 2.52123e+06 839157 1.31699e+06 5.06779e+06 378296 
109.625 2.51059e+06 839004 1.32254e+06 5.07255e+06 378782 
109.75 2.50004e+06 838774 1.32805e+06 5.07733e+06 379269 
109.875 2.48958e+06 838468 1.33352e+06 5.08215e+06 379757 
110 2.47921e+06 838087 1.33893e+06 5.08699e+06 380247 
110.125 2.46895e+06 837631 1.34429e+06 5.09186e+06 380737 
110.25 2.45878e+06 837100 1.34961e+06 5.09675e+06 381229 
110.375 2.44871e+06 836497 1.35487e+06 5.10167e+06 381722 
110.5 2.43874e+06 835821 1.36008e+06 5.10661e+06 382215 
110.625 2.42887e+06 835074 1.36524e+06 5.11157e+06 382710 
110.75 2.41911e+06 834255 1.37035e+06 5.11655e+06 383206 
110.875 2.40944e+06 833367 1.3754e+06 5.12156e+06 383702 
111 2.39989e+06 832410 1.38039e+06 5.12658e+06 384200 
111.125 2.39043e+06 831385 1.38533e+06 5.13162e+06 384698 
111.25 2.38109e+06 830292 1.39021e+06 5.13668e+06 385198 
111.375 2.37185e+06 829134 1.39503e+06 5.14176e+06 385698 
111.5 2.36272e+06 827910 1.39979e+06 5.14685e+06 386199 
111.625 2.3537e+06 826622 1.40449e+06 5.15195e+06 386700 
111.75 2.34478e+06 825271 1.40913e+06 5.15707e+06 387203 
111.875 2.33598e+06 823858 1.41371e+06 5.16221e+06 387706 
112 2.32729e+06 822383 1.41823e+06 5.16735e+06 388210 
112.125 2.31871e+06 820849 1.42269e+06 5.1725e+06 388715 
112.25 2.31024e+06 819256 1.42708e+06 5.17767e+06 389220 
112.375 2.30188e+06 817605 1.43141e+06 5.18284e+06 389726 
112.5 2.29364e+06 815898 1.43568e+06 5.18802e+06 390232 
112.625 2.28551e+06 814134 1.43988e+06 5.19321e+06 390739 
112.75 2.27749e+06 812317 1.44401e+06 5.1984e+06 391247 
112.875 2.26958e+06 810446 1.44808e+06 5.2036e+06 391755 
113 2.26179e+06 808523 1.45209e+06 5.2088e+06 392263 
113.125 2.25411e+06 806549 1.45602e+06 5.21401e+06 392772 
113.25 2.24655e+06 804525 1.45989e+06 5.21922e+06 393282 
113.375 2.2391e+06 802452 1.46369e+06 5.22443e+06 393792 
113.5 2.23177e+06 800331 1.46742e+06 5.22964e+06 394302 
113.625 2.22455e+06 798165 1.47109e+06 5.23485e+06 394812 
113.75 2.21744e+06 795953 1.47468e+06 5.24006e+06 395323 
113.875 2.21045e+06 793697 1.47821e+06 5.24527e+06 395834 
114 2.20358e+06 791398 1.48167e+06 5.25048e+06 396346 
114.125 2.19681e+06 789058 1.48505e+06 5.25568e+06 396857 
114.25 2.19017e+06 786677 1.48837e+06 5.26088e+06 397369 
114.375 2.18363e+06 784256 1.49162e+06 5.26608e+06 397881 
114.5 2.17721e+06 781798 1.4948e+06 5.27126e+06 398394 
114.625 2.17091e+06 779302 1.49791e+06 5.27644e+06 398906 
114.75 2.16472e+06 776770 1.50094e+06 5.28162e+06 399419 
114.875 2.15864e+06 774204 1.50391e+06 5.28678e+06 399931 
115 2.15267e+06 771604 1.5068e+06 5.29194e+06 400444 
115.125 2.14682e+06 768971 1.50963e+06 5.29709e+06 400957 
115.25 2.14108e+06 766307 1.51238e+06 5.30222e+06 401470 
115.375 2.13546e+06 763613 1.51506e+06 5.30735e+06 401983 
115.5 2.12994e+06 760890 1.51768e+06 5.31246e+06 402495 
115.625 2.12454e+06 758139 1.52022e+06 5.31756e+06 403008 
115.75 2.11925e+06 755361 1.52269e+06 5.32265e+06 403521 
115.875 2.11406e+06 752557 1.52509e+06 5.32773e+06 404033 
116 2.10899e+06 749728 1.52741e+06 5.33279e+06 404546 
116.125 2.10403e+06 746876 1.52967e+06 5.33783e+06 405058 
116.25 2.09918e+06 744001 1.53186e+06 5.34286e+06 405571 
116.375 2.09443e+06 741104 1.53398e+06 5.34787e+06 406083 
116.5 2.0898e+06 738187 1.53602e+06 5.35286e+06 406595 
116.625 2.08527e+06 735251 1.538e+06 5.35784e+06 407106 
116.75 2.08085e+06 732296 1.53991e+06 5.36279e+06 407618 
116.875 2.07654e+06 729323 1.54174e+06 5.36773e+06 408129 
117 2.07233e+06 726334 1.54351e+06 5.37265e+06 408640 
117.125 2.06823e+06 723329 1.54521e+06 5.37755e+06 409151 
117.25 2.06423e+06 720310 1.54684e+06 5.38243e+06 409661 
117.375 2.06034e+06 717277 1.5484e+06 5.38728e+06 410171 
117.5 2.05655e+06 714231 1.54989e+06 5.39211e+06 410681 
117.625 2.05286e+06 711173 1.55131e+06 5.39693e+06 411190 
117.75 2.04928e+06 708105 1.55267e+06 5.40171e+06 411699 
117.875 2.0458e+06 705026 1.55396e+06 5.40648e+06 412208 
118 2.04242e+06 701939 1.55518e+06 5.41122e+06 412716 
118.125 2.03914e+06 698843 1.55633e+06 5.41593e+06 413224 
118.25 2.03596e+06 695739 1.55742e+06 5.42062e+06 413731 
118.375 2.03287e+06 692629 1.55844e+06 5.42529e+06 414238 
118.5 2.02989e+06 689513 1.55939e+06 5.42992e+06 414744 
118.625 2.027e+06 686392 1.56028e+06 5.43453e+06 415250 
118.75 2.02421e+06 683267 1.56111e+06 5.43912e+06 415756 
118.875 2.02152e+06 680139 1.56187e+06 5.44367e+06 416261 
119 2.01892e+06 677007 1.56257e+06 5.4482e+06 416765 
119.125 2.01642e+06 673874 1.5632e+06 5.4527e+06 417269 
119.25 2.01401e+06 670740 1.56377e+06 5.45717e+06 417772 
119.375 2.01169e+06 667604 1.56428e+06 5.46162e+06 418274 
119.5 2.00947e+06 664469 1.56472e+06 5.46603e+06 418776 
119.625 2.00734e+06 661335 1.56511e+06 5.47041e+06 419278 
119.75 2.00529e+06 658203 1.56543e+06 5.47476e+06 419778 
119.875 2.00334e+06 655072 1.56569e+06 5.47908e+06 420279 
120 2.00148e+06 651944 1.56589e+06 5.48337e+06 420778 
120.125 1.99971e+06 648820 1.56603e+06 5.48763e+06 421277 
120.25 1.99802e+06 645700 1.56611e+06 5.49186e+06 421775 
120.375 1.99642e+06 642584 1.56614e+06 5.49605e+06 422272 
120.5 1.99491e+06 639473 1.5661e+06 5.50021e+06 422769 
120.625 1.99348e+06 636368 1.56601e+06 5.50434e+06 423265 
120.75 1.99214e+06 633270 1.56586e+06 5.50844e+06 423760 
120.875 1.99088e+06 630178 1.56566e+06 5.5125e+06 424255 
121 1.9897e+06 627093 1.56539e+06 5.51653e+06 424749 
121.125 1.98861e+06 624016 1.56508e+06 5.52052e+06 425242 
121.25 1.9876e+06 620948 1.56471e+06 5.52448e+06 425734 
121.375 1.98667e+06 617888 1.56428e+06 5.52841e+06 426226 
121.5 1.98581e+06 614837 1.5638e+06 5.5323e+06 426716 
121.625 1.98504e+06 611797 1.56327e+06 5.53615e+06 427206 
121.75 1.98435e+06 608766 1.56268e+06 5.53997e+06 427695 
121.875 1.98373e+06 605746 1.56205e+06 5.54376e+06 428184 
122 1.98319e+06 602737 1.56136e+06 5.54751e+06 428671 
122.125 1.98273e+06 599739 1.56062e+06 5.55122e+06 429158 
122.25 1.98234e+06 596753 1.55983e+06 5.5549e+06 429643 
122.375 1.98203e+06 593779 1.55899e+06 5.55854e+06 430128 
122.5 1.98179e+06 590817 1.55811e+06 5.56214e+06 430612 
122.625 1.98162e+06 587869 1.55717e+06 5.56571e+06 431096 
122.75 1.98153e+06 584933 1.55619e+06 5.56924e+06 431578 
122.875 1.98151e+06 582011 1.55516e+06 5.57273e+06 432059 
123 1.98156e+06 579103 1.55408e+06 5.57618e+06 432540 
123.125 1.98168e+06 576209 1.55296e+06 5.5796e+06 433020 
123.25 1.98186e+06 573329 1.55179e+06 5.58298e+06 433498 
123.375 1.98212e+06 570464 1.55058e+06 5.58633e+06 433976 
123.5 1.98244e+06 567614 1.54933e+06 5.58963e+06 434453 
123.625 1.98283e+06 564779 1.54803e+06 5.5929e+06 434929 
123.75 1.98329e+06 561960 1.54668e+06 5.59613e+06 435404 
123.875 1.98381e+06 559156 1.5453e+06 5.59932e+06 435878 
124 1.9844e+06 556369 1.54388e+06 5.60247e+06 436351 
124.125 1.98505e+06 553597 1.54241e+06 5.60558e+06 436823 
124.25 1.98577e+06 550842 1.5409e+06 5.60866e+06 437295 
124.375 1.98655e+06 548104 1.53936e+06 5.61169e+06 437765 
124.5 1.98739e+06 545382 1.53777e+06 5.61469e+06 438234 
124.625 1.98829e+06 542677 1.53615e+06 5.61765e+06 438702 
124.75 1.98925e+06 539990 1.53449e+06 5.62057e+06 439170 
124.875 1.99027e+06 537320 1.53279e+06 5.62345e+06 439636 
125 1.99135e+06 534667 1.53106e+06 5.62629e+06 440102 
125.125 1.99249e+06 532032 1.52929e+06 5.6291e+06 440566 
125.25 1.99368e+06 529414 1.52748e+06 5.63186e+06 441029 
125.375 1.99493e+06 526815 1.52564e+06 5.63459e+06 441492 
125.5 1.99624e+06 524234 1.52376e+06 5.63727e+06 441953 
125.625 1.99761e+06 521671 1.52186e+06 5.63992e+06 442414 
125.75 1.99903e+06 519126 1.51991e+06 5.64253e+06 442873 
125.875 2.0005e+06 516599 1.51794e+06 5.64509e+06 443331 
126 2.00203e+06 514091 1.51594e+06 5.64762e+06 443789 
126.125 2.00361e+06 511602 1.5139e+06 5.65011e+06 444245 
126.25 2.00524e+06 509131 1.51183e+06 5.65256e+06 444701 
126.375 2.00692e+06 506679 1.50973e+06 5.65497e+06 445155 
126.5 2.00866e+06 504246 1.50761e+06 5.65735e+06 445608 
126.625 2.01044e+06 501832 1.50545e+06 5.65968e+06 446060 
126.75 2.01228e+06 499437 1.50327e+06 5.66197e+06 446512 
126.875 2.01416e+06 497061 1.50106e+06 5.66423e+06 446962 
127 2.01609e+06 494704 1.49882e+06 5.66644e+06 447411 
127.125 2.01807e+06 492366 1.49655e+06 5.66862e+06 447859 
127.25 2.0201e+06 490048 1.49426e+06 5.67076e+06 448306 
127.375 2.02217e+06 487748 1.49194e+06 5.67285e+06 448752 
127.5 2.02429e+06 485468 1.4896e+06 5.67491e+06 449197 
127.625 2.02645e+06 483207 1.48724e+06 5.67693e+06 449641 
127.75 2.02866e+06 480966 1.48485e+06 5.67891e+06 450084 
127.875 2.03091e+06 478743 1.48243e+06 5.68086e+06 450526 
128 2.0332e+06 476541 1.48e+06 5.68276e+06 450967 
128.125 2.03554e+06 474357 1.47754e+06 5.68462e+06 451407 
128.25 2.03792e+06 472193 1.47506e+06 5.68645e+06 451845 
128.375 2.04034e+06 470048 1.47256e+06 5.68824e+06 452283 
128.5 2.0428e+06 467923 1.47004e+06 5.68999e+06 452720 
128.625 2.0453e+06 465817 1.46749e+06 5.6917e+06 453155 
128.75 2.04784e+06 463730 1.46493e+06 5.69337e+06 453590 
128.875 2.05042e+06 461663 1.46235e+06 5.695e+06 454024 
129 2.05304e+06 459615 1.45975e+06 5.6966e+06 454456 
129.125 2.0557e+06 457586 1.45714e+06 5.69815e+06 454887 
129.25 2.05839e+06 455577 1.4545e+06 5.69967e+06 455318 
129.375 2.06113e+06 453586 1.45185e+06 5.70116e+06 455747 
129.5 2.06389e+06 451616 1.44918e+06 5.7026e+06 456176 
129.625 2.0667e+06 449664 1.4465e+06 5.70401e+06 456603 
129.75 2.06953e+06 447731 1.4438e+06 5.70537e+06 457029 
129.875 2.07241e+06 445818 1.44108e+06 5.7067e+06 457454 
130 2.07531e+06 443924 1.43835e+06 5.708e+06 457878 
130.125 2.07825e+06 442049 1.43561e+06 5.70925e+06 458301 
130.25 2.08123e+06 440192 1.43285e+06 5.71047e+06 458723 
130.375 2.08423e+06 438355 1.43008e+06 5.71166e+06 459144 
130.5 2.08727e+06 436537 1.4273e+06 5.7128e+06 459564 
130.625 2.09034e+06 434738 1.4245e+06 5.71391e+06 459983 
130.75 2.09344e+06 432957 1.42169e+06 5.71498e+06 460401 
130.875 2.09657e+06 431195 1.41887e+06 5.71602e+06 460818 
131 2.09972e+06 429452 1.41604e+06 5.71702e+06 461234 
131.125 2.10291e+06 427728 1.4132e+06 5.71798e+06 461649 
131.25 2.10613e+06 426022 1.41035e+06 5.7189e+06 462063 
131.375 2.10937e+06 424335 1.40748e+06 5.7198e+06 462475 
131.5 2.11265e+06 422666 1.40461e+06 5.72065e+06 462887 
131.625 2.11595e+06 421016 1.40173e+06 5.72147e+06 463298 
131.75 2.11927e+06 419384 1.39885e+06 5.72225e+06 463708 
131.875 2.12263e+06 417771 1.39595e+06 5.723e+06 464116 
132 2.12601e+06 416175 1.39304e+06 5.72372e+06 464524 
132.125 2.12941e+06 414598 1.39013e+06 5.72439e+06 464931 
132.25 2.13284e+06 413039 1.38721e+06 5.72504e+06 465336 
132.375 2.13629e+06 411498 1.38429e+06 5.72565e+06 465741 
132.5 2.13977e+06 409975 1.38136e+06 5.72622e+06 466145 
132.625 2.14327e+06 408470 1.37842e+06 5.72676e+06 466547 
132.75 2.14679e+06 406982 1.37548e+06 5.72727e+06 466949 
132.875 2.15033e+06 405513 1.37253e+06 5.72774e+06 467350 
133 2.1539e+06 404061 1.36958e+06 5.72818e+06 467749 
133.125 2.15749e+06 402626 1.36662e+06 5.72858e+06 468148 
133.25 2.1611e+06 401210 1.36366e+06 5.72895e+06 468546 
133.375 2.16473e+06 399810 1.3607e+06 5.72929e+06 468942 
133.5 2.16837e+06 398428 1.35773e+06 5.72959e+06 469338 
133.625 2.17204e+06 397064 1.35476e+06 5.72987e+06 469733 
133.75 2.17573e+06 395716 1.35179e+06 5.7301e+06 470126 
133.875 2.17944e+06 394386 1.34881e+06 5.73031e+06 470519 
134 2.18316e+06 393073 1.34584e+06 5.73048e+06 470911 
134.125 2.1869e+06 391776 1.34286e+06 5.73063e+06 471302 
134.25 2.19066e+06 390497 1.33988e+06 5.73073e+06 471692 
134.375 2.19444e+06 389235 1.3369e+06 5.73081e+06 472081 
134.5 2.19823e+06 387989 1.33392e+06 5.73086e+06 472469 
134.625 2.20204e+06 386760 1.33094e+06 5.73087e+06 472856 
134.75 2.20587e+06 385547 1.32795e+06 5.73086e+06 473242 
134.875 2.20971e+06 384352 1.32497e+06 5.73081e+06 473627 
135 2.21356e+06 383172 1.32199e+06 5.73073e+06 474011 
135.125 2.21743e+06 382009 1.31901e+06 5.73062e+06 474395 
135.25 2.22131e+06 380862 1.31604e+06 5.73048e+06 474777 
135.375 2.22521e+06 379732 1.31306e+06 5.73031e+06 475158 
135.5 2.22912e+06 378617 1.31009e+06 5.73011e+06 475539 
135.625 2.23304e+06 377519 1.30711e+06 5.72988e+06 475918 
135.75 2.23697e+06 376436 1.30414e+06 5.72962e+06 476297 
135.875 2.24092e+06 375370 1.30118e+06 5.72933e+06 476675 
136 2.24487e+06 374319 1.29821e+06 5.72901e+06 477052 
136.125 2.24884e+06 373284 1.29525e+06 5.72866e+06 477428 
136.25 2.25282e+06 372265 1.29229e+06 5.72828e+06 477803 
136.375 2.25681e+06 371261 1.28934e+06 5.72788e+06 478177 
136.5 2.26081e+06 370273 1.28639e+06 5.72745e+06 478550 
136.625 2.26482e+06 369300 1.28344e+06 5.72698e+06 478923 
136.75 2.26883e+06 368343 1.2805e+06 5.72649e+06 479294 
136.875 2.27286e+06 367401 1.27757e+06 5.72598e+06 479665 
137 2.27689e+06 366474 1.27464e+06 5.72543e+06 480035 
137.125 2.28093e+06 365562 1.27171e+06 5.72486e+06 480403 
137.25 2.28498e+06 364665 1.26879e+06 5.72426e+06 480771 
137.375 2.28904e+06 363783 1.26588e+06 5.72363e+06 481139 
137.5 2.2931e+06 362917 1.26297e+06 5.72298e+06 481505 
137.625 2.29717e+06 362065 1.26006e+06 5.7223e+06 481871 
137.75 2.30125e+06 361227 1.25717e+06 5.72159e+06 482235 
137.875 2.30533e+06 360405 1.25428e+06 5.72086e+06 482599 
138 2.30941e+06 359597 1.2514e+06 5.7201e+06 482962 
138.125 2.3135e+06 358803 1.24852e+06 5.71931e+06 483324 
138.25 2.3176e+06 358024 1.24565e+06 5.7185e+06 483685 
138.375 2.3217e+06 357260 1.24279e+06 5.71767e+06 484046 
138.5 2.3258e+06 356510 1.23994e+06 5.71681e+06 484406 
138.625 2.32991e+06 355774 1.2371e+06 5.71592e+06 484764 
138.75 2.33402e+06 355052 1.23426e+06 5.71501e+06 485123 
138.875 2.33813e+06 354344 1.23143e+06 5.71408e+06 485480 
139 2.34224e+06 353650 1.22861e+06 5.71312e+06 485836 
139.125 2.34636e+06 352971 1.2258e+06 5.71214e+06 486192 
139.25 2.35048e+06 352305 1.223e+06 5.71114e+06 486547 
139.375 2.3546e+06 351653 1.22021e+06 5.71011e+06 486901 
139.5 2.35872e+06 351015 1.21742e+06 5.70905e+06 487254 
139.625 2.36284e+06 350391 1.21465e+06 5.70798e+06 487607 
139.75 2.36696e+06 349780 1.21189e+06 5.70688e+06 487959 
139.875 2.37108e+06 349183 1.20913e+06 5.70576e+06 488310 
140 2.3752e+06 348599 1.20639e+06 5.70462e+06 488660 
140.125 2.37932e+06 348029 1.20365e+06 5.70345e+06 489010 
140.25 2.38344e+06 347472 1.20093e+06 5.70227e+06 489359 
140.375 2.38756e+06 346928 1.19822e+06 5.70106e+06 489707 
140.5 2.39167e+06 346398 1.19552e+06 5.69983e+06 490054 
140.625 2.39578e+06 345881 1.19282e+06 5.69858e+06 490401 
140.75 2.39989e+06 345377 1.19014e+06 5.6973e+06 490747 
140.875 2.404e+06 344886 1.18748e+06 5.69601e+06 491092 
141 2.40811e+06 344408 1.18482e+06 5.6947e+06 491436 
141.125 2.41221e+06 343943 1.18217e+06 5.69336e+06 491780 
141.25 2.4163e+06 343491 1.17954e+06 5.69201e+06 492123 
141.375 2.4204e+06 343052 1.17691e+06 5.69064e+06 492466 
141.5 2.42449e+06 342626 1.1743e+06 5.68924e+06 492808 
141.625 2.42857e+06 342212 1.17171e+06 5.68783e+06 493149 
141.75 2.43265e+06 341811 1.16912e+06 5.6864e+06 493489 
141.875 2.43672e+06 341422 1.16655e+06 5.68495e+06 493829 
142 2.44079e+06 341047 1.16398e+06 5.68348e+06 494168 
142.125 2.44485e+06 340683 1.16144e+06 5.68199e+06 494506 
142.25 2.4489e+06 340332 1.1589e+06 5.68049e+06 494844 
142.375 2.45295e+06 339994 1.15638e+06 5.67896e+06 495181 
142.5 2.45699e+06 339667 1.15387e+06 5.67742e+06 495517 
142.625 2.46103e+06 339353 1.15137e+06 5.67586e+06 495853 
142.75 2.46505e+06 339052 1.14889e+06 5.67428e+06 496188 
142.875 2.46907e+06 338762 1.14642e+06 5.67269e+06 496523 
143 2.47308e+06 338485 1.14396e+06 5.67108e+06 496857 
143.125 2.47708e+06 338219 1.14152e+06 5.66945e+06 497190 
143.25 2.48108e+06 337966 1.13909e+06 5.66781e+06 497523 
143.375 2.48506e+06 337725 1.13668e+06 5.66615e+06 497855 
143.5 2.48904e+06 337495 1.13428e+06 5.66447e+06 498187 
143.625 2.493e+06 337278 1.13189e+06 5.66278e+06 498517 
143.75 2.49696e+06 337072 1.12952e+06 5.66107e+06 498848 
143.875 2.5009e+06 336878 1.12716e+06 5.65935e+06 499178 
144 2.50483e+06 336696 1.12482e+06 5.65761e+06 499507 
144.125 2.50876e+06 336525 1.12249e+06 5.65586e+06 499835 
144.25 2.51267e+06 336366 1.12017e+06 5.65409e+06 500163 
144.375 2.51657e+06 336219 1.11788e+06 5.65231e+06 500491 
144.5 2.52046e+06 336083 1.11559e+06 5.65052e+06 500818 
144.625 2.52433e+06 335959 1.11332e+06 5.64871e+06 501144 
144.75 2.52819e+06 335846 1.11107e+06 5.64689e+06 501470 
144.875 2.53205e+06 335744 1.10883e+06 5.64505e+06 501796 
145 2.53588e+06 335654 1.10661e+06 5.6432e+06 502121 
145.125 2.53971e+06 335575 1.1044e+06 5.64134e+06 502445 
145.25 2.54352e+06 335508 1.10221e+06 5.63946e+06 502769 
145.375 2.54732e+06 335451 1.10003e+06 5.63758e+06 503092 
145.5 2.5511e+06 335406 1.09787e+06 5.63568e+06 503415 
145.625 2.55487e+06 335372 1.09572e+06 5.63376e+06 503737 
145.75 2.55863e+06 335349 1.09359e+06 5.63184e+06 504059 
145.875 2.56236e+06 335337 1.09148e+06 5.6299e+06 504380 
146 2.56609e+06 335337 1.08938e+06 5.62796e+06 504701 
146.125 2.5698e+06 335347 1.0873e+06 5.626e+06 505022 
146.25 2.57349e+06 335368 1.08524e+06 5.62403e+06 505341 
146.375 2.57717e+06 335400 1.08319e+06 5.62205e+06 505661 
146.5 2.58083e+06 335442 1.08115e+06 5.62006e+06 505980 
146.625 2.58447e+06 335496 1.07914e+06 5.61806e+06 506299 
146.75 2.5881e+06 335560 1.07714e+06 5.61605e+06 506617 
146.875 2.59171e+06 335636 1.07516e+06 5.61403e+06 506934 
147 2.59531e+06 335721 1.07319e+06 5.612e+06 507252 
147.125 2.59888e+06 335818 1.07124e+06 5.60996e+06 507569 
147.25 2.60244e+06 335925 1.06931e+06 5.60791e+06 507885 
147.375 2.60598e+06 336043 1.06739e+06 5.60585e+06 508201 
147.5 2.6095e+06 336171 1.06549e+06 5.60379e+06 508517 
147.625 2.613e+06 336309 1.06361e+06 5.60171e+06 508832 
147.75 2.61649e+06 336459 1.06174e+06 5.59963e+06 509147 
147.875 2.61995e+06 336618 1.0599e+06 5.59754e+06 509461 
148 2.6234e+06 336788 1.05806e+06 5.59544e+06 509775 
148.125 2.62682e+06 336968 1.05625e+06 5.59333e+06 510089 
148.25 2.63023e+06 337159 1.05445e+06 5.59122e+06 510403 
148.375 2.63361e+06 337360 1.05268e+06 5.5891e+06 510716 
148.5 2.63698e+06 337571 1.05091e+06 5.58697e+06 511028 
148.625 2.64032e+06 337792 1.04917e+06 5.58484e+06 511341 
148.75 2.64365e+06 338024 1.04744e+06 5.5827e+06 511652 
148.875 2.64695e+06 338265 1.04574e+06 5.58055e+06 511964 
149 2.65023e+06 338517 1.04404e+06 5.5784e+06 512275 
149.125 2.65349e+06 338779 1.04237e+06 5.57624e+06 512586 
149.25 2.65673e+06 339050 1.04071e+06 5.57408e+06 512897 
149.375 2.65994e+06 339332 1.03908e+06 5.57191e+06 513207 
149.5 2.66314e+06 339624 1.03746e+06 5.56973e+06 513518 
149.625 2.66631e+06 339925 1.03585e+06 5.56755e+06 513827 
149.75 2.66945e+06 340237 1.03427e+06 5.56537e+06 514137 
149.875 2.67258e+06 340558 1.0327e+06 5.56318e+06 514446 
150 2.67568e+06 340889 1.03116e+06 5.56099e+06 514755 
150.125 2.67876e+06 341230 1.02963e+06 5.55879e+06 515064 
150.25 2.68181e+06 341580 1.02811e+06 5.55659e+06 515372 
150.375 2.68484e+06 341941 1.02662e+06 5.55438e+06 515680 
150.5 2.68785e+06 342310 1.02514e+06 5.55217e+06 515988 
150.625 2.69083e+06 342690 1.02369e+06 5.54996e+06 516296 
150.75 2.69379e+06 343079 1.02225e+06 5.54775e+06 516603 
150.875 2.69672e+06 343477 1.02083e+06 5.54553e+06 516910 
151 2.69963e+06 343885 1.01942e+06 5.54331e+06 517217 
151.125 2.70251e+06 344303 1.01804e+06 5.54109e+06 517524 
151.25 2.70537e+06 344730 1.01667e+06 5.53887e+06 517830 
151.375 2.7082e+06 345166 1.01533e+06 5.53664e+06 518136 
151.5 2.711e+06 345612 1.014e+06 5.53441e+06 518443 
151.625 2.71378e+06 346067 1.01269e+06 5.53218e+06 518748 
151.75 2.71653e+06 346531 1.0114e+06 5.52995e+06 519054 
151.875 2.71926e+06 347004 1.01012e+06 5.52772e+06 519360 
152 2.72196e+06 347487 1.00887e+06 5.52549e+06 519665 
152.125 2.72463e+06 347979 1.00763e+06 5.52326e+06 519970 
152.25 2.72727e+06 348480 1.00642e+06 5.52102e+06 520275 
152.375 2.72989e+06 348989 1.00522e+06 5.51879e+06 520580 
152.5 2.73248e+06 349508 1.00404e+06 5.51655e+06 520885 
152.625 2.73504e+06 350036 1.00288e+06 5.51432e+06 521189 
152.75 2.73758e+06 350573 1.00174e+06 5.51209e+06 521494 
152.875 2.74008e+06 351119 1.00061e+06 5.50986e+06 521798 
153 2.74256e+06 351674 999508 5.50762e+06 522102 
153.125 2.74501e+06 352237 998423 5.50539e+06 522406 
153.25 2.74743e+06 352809 997356 5.50316e+06 522710 
153.375 2.74982e+06 353390 996308 5.50093e+06 523014 
153.5 2.75218e+06 353980 995279 5.49871e+06 523318 
153.625 2.75452e+06 354578 994269 5.49648e+06 523621 
153.75 2.75682e+06 355185 993278 5.49426e+06 523925 
153.875 2.75909e+06 355800 992306 5.49204e+06 524228 
154 2.76134e+06 356424 991352 5.48982e+06 524531 
154.125 2.76355e+06 357056 990418 5.48761e+06 524835 
154.25 2.76574e+06 357697 989503 5.48539e+06 525138 
154.375 2.76789e+06 358346 988607 5.48318e+06 525441 
154.5 2.77001e+06 359003 987729 5.48098e+06 525744 
154.625 2.77211e+06 359669 986871 5.47877e+06 526047 
154.75 2.77417e+06 360343 986032 5.47657e+06 526350 
154.875 2.7762e+06 361025 985212 5.47438e+06 526653 
155 2.7782e+06 361715 984410 5.47218e+06 526956 
155.125 2.78017e+06 362413 983628 5.47e+06 527259 
155.25 2.78211e+06 363119 982865 5.46781e+06 527562 
155.375 2.78401e+06 363833 982121 5.46563e+06 527865 
155.5 2.78589e+06 364555 981396 5.46346e+06 528168 
155.625 2.78773e+06 365285 980690 5.46129e+06 528471 
155.75 2.78954e+06 366023 980003 5.45913e+06 528774 
155.875 2.79132e+06 366768 979335 5.45697e+06 529077 
156 2.79306e+06 367521 978687 5.45481e+06 529380 
156.125 2.79478e+06 368282 978057 5.45267e+06 529683 
156.25 2.79646e+06 369050 977446 5.45052e+06 529986 
156.375 2.79811e+06 369826 976855 5.44839e+06 530289 
156.5 2.79972e+06 370609 976282 5.44626e+06 530592 
156.625 2.80131e+06 371400 975728 5.44414e+06 530895 
156.75 2.80286e+06 372198 975194 5.44202e+06 531198 
156.875 2.80438e+06 373003 974678 5.43991e+06 531501 
157 2.80586e+06 373815 974181 5.43781e+06 531805 
157.125 2.80731e+06 374634 973704 5.43571e+06 532108 
157.25 2.80873e+06 375461 973245 5.43362e+06 532412 
157.375 2.81011e+06 376295 972805 5.43154e+06 532715 
157.5 2.81146e+06 377135 972384 5.42947e+06 533019 
157.625 2.81278e+06 377982 971983 5.4274e+06 533323 
157.75 2.81406e+06 378836 971600 5.42534e+06 533627 
157.875 2.81531e+06 379697 971236 5.42329e+06 533931 
158 2.81652e+06 380565 970890 5.42125e+06 534235 
158.125 2.8177e+06 381439 970564 5.41922e+06 534539 
158.25 2.81885e+06 382320 970256 5.4172e+06 534843 
158.375 2.81996e+06 383207 969968 5.41518e+06 535148 
158.5 2.82104e+06 384100 969698 5.41318e+06 535452 
158.625 2.82208e+06 385000 969446 5.41118e+06 535757 
158.75 2.82309e+06 385906 969214 5.40919e+06 536062 
158.875 2.82407e+06 386818 969000 5.40722e+06 536367 
159 2.82501e+06 387736 968805 5.40525e+06 536672 
159.125 2.82591e+06 388660 968628 5.40329e+06 536977 
159.25 2.82678e+06 389590 968470 5.40134e+06 537283 
159.375 2.82762e+06 390526 968331 5.3994e+06 537589 
159.5 2.82842e+06 391467 968210 5.39748e+06 537895 
159.625 2.82918e+06 392415 968108 5.39556e+06 538201 
159.75 2.82992e+06 393367 968024 5.39365e+06 538507 
159.875 2.83061e+06 394326 967959 5.39176e+06 538814 
160 2.83127e+06 395289 967912 5.38987e+06 539120 
160.125 2.8319e+06 396258 967883 5.388e+06 539427 
160.25 2.83249e+06 397232 967873 5.38614e+06 539734 
160.375 2.83305e+06 398212 967880 5.38428e+06 540042 
160.5 2.83357e+06 399196 967906 5.38245e+06 540349 
160.625 2.83406e+06 400185 967951 5.38062e+06 540657 
160.75 2.83451e+06 401179 968013 5.3788e+06 540965 
160.875 2.83492e+06 402178 968093 5.377e+06 541273 
161 2.8353e+06 403182 968192 5.37521e+06 541582 
161.125 2.83565e+06 404190 968308 5.37343e+06 541890 
161.25 2.83596e+06 405203 968443 5.37166e+06 542199 
161.375 2.83624e+06 406220 968595 5.3699e+06 542509 
161.5 2.83648e+06 407241 968765 5.36816e+06 542818 
161.625 2.83669e+06 408266 968953 5.36643e+06 543128 
161.75 2.83686e+06 409296 969158 5.36472e+06 543438 
161.875 2.83699e+06 410329 969381 5.36301e+06 543749 
162 2.83709e+06 411366 969622 5.36133e+06 544059 
162.125 2.83716e+06 412407 969880 5.35965e+06 544370 
162.25 2.83719e+06 413452 970155 5.35799e+06 544681 
162.375 2.83719e+06 414500 970448 5.35634e+06 544993 
162.5 2.83715e+06 415552 970758 5.3547e+06 545305 
162.625 2.83708e+06 416607 971086 5.35308e+06 545617 
162.75 2.83697e+06 417665 971431 5.35147e+06 545929 
162.875 2.83683e+06 418726 971792 5.34988e+06 546242 
163 2.83665e+06 419790 972171 5.3483e+06 546555 
163.125 2.83644e+06 420857 972567 5.34673e+06 546869 
163.25 2.8362e+06 421927 972979 5.34518e+06 547182 
163.375 2.83592e+06 422999 973408 5.34365e+06 547497 
163.5 2.8356e+06 424074 973854 5.34212e+06 547811 
163.625 2.83525e+06 425152 974317 5.34062e+06 548126 
163.75 2.83487e+06 426231 974796 5.33913e+06 548441 
163.875 2.83446e+06 427313 975292 5.33765e+06 548756 
164 2.83401e+06 428397 975804 5.33619e+06 549072 
164.125 2.83352e+06 429483 976332 5.33474e+06 549388 
164.25 2.83301e+06 430570 976877 5.33331e+06 549705 
164.375 2.83245e+06 431659 977437 5.33189e+06 550022 
164.5 2.83187e+06 432750 978014 5.33049e+06 550339 
164.625 2.83125e+06 433842 978606 5.32911e+06 550657 
164.75 2.8306e+06 434936 979214 5.32774e+06 550975 
164.875 2.82992e+06 436030 979838 5.32639e+06 551293 
165 2.8292e+06 437126 980478 5.32505e+06 551612 
165.125 2.82845e+06 438222 981133 5.32373e+06 551931 
165.25 2.82767e+06 439320 981804 5.32242e+06 552251 
165.375 2.82686e+06 440417 982490 5.32113e+06 552571 
165.5 2.82601e+06 441516 983191 5.31986e+06 552892 
165.625 2.82513e+06 442615 983907 5.3186e+06 553212 
165.75 2.82422e+06 443714 984638 5.31736e+06 553534 
165.875 2.82328e+06 444813 985384 5.31614e+06 553855 
166 2.8223e+06 445912 986144 5.31493e+06 554177 
166.125 2.8213e+06 447011 986920 5.31374e+06 554500 
166.25 2.82026e+06 448109 987710 5.31256e+06 554823 
166.375 2.81919e+06 449208 988514 5.3114e+06 555146 
166.5 2.81809e+06 450305 989333 5.31026e+06 555470 
166.625 2.81696e+06 451402 990165 5.30914e+06 555794 
166.75 2.8158e+06 452498 991012 5.30803e+06 556119 
166.875 2.81461e+06 453593 991873 5.30694e+06 556444 
167 2.81339e+06 454687 992747 5.30587e+06 556769 
167.125 2.81214e+06 455780 993636 5.30481e+06 557095 
167.25 2.81086e+06 456871 994537 5.30377e+06 557422 
167.375 2.80955e+06 457961 995453 5.30275e+06 557749 
167.5 2.80821e+06 459049 996381 5.30175e+06 558076 
167.625 2.80685e+06 460135 997322 5.30076e+06 558404 
167.75 2.80545e+06 461219 998277 5.29979e+06 558732 
167.875 2.80402e+06 462301 999244 5.29884e+06 559061 
168 2.80257e+06 463381 1.00022e+06 5.2979e+06 559390 
168.125 2.80109e+06 464458 1.00122e+06 5.29698e+06 559719 
168.25 2.79958e+06 465533 1.00222e+06 5.29608e+06 560050 
168.375 2.79804e+06 466605 1.00324e+06 5.2952e+06 560380 
168.5 2.79648e+06 467674 1.00427e+06 5.29433e+06 560711 
168.625 2.79488e+06 468741 1.00531e+06 5.29349e+06 561043 
168.75 2.79327e+06 469804 1.00636e+06 5.29266e+06 561375 
168.875 2.79162e+06 470864 1.00743e+06 5.29184e+06 561707 
169 2.78995e+06 471920 1.00851e+06 5.29105e+06 562040 
169.125 2.78825e+06 472973 1.00959e+06 5.29027e+06 562373 
169.25 2.78653e+06 474023 1.01069e+06 5.28951e+06 562707 
169.375 2.78478e+06 475068 1.0118e+06 5.28877e+06 563042 
169.5 2.78301e+06 476109 1.01293e+06 5.28805e+06 563377 
169.625 2.78121e+06 477147 1.01406e+06 5.28734e+06 563712 
169.75 2.77939e+06 478180 1.0152e+06 5.28665e+06 564048 
169.875 2.77754e+06 479208 1.01635e+06 5.28598e+06 564384 
170 2.77567e+06 480232 1.01752e+06 5.28533e+06 564721 
170.125 2.77377e+06 481252 1.01869e+06 5.28469e+06 565058 
170.25 2.77185e+06 482266 1.01988e+06 5.28407e+06 565396 
170.375 2.76991e+06 483276 1.02107e+06 5.28347e+06 565734 
170.5 2.76795e+06 484280 1.02227e+06 5.28289e+06 566073 
170.625 2.76596e+06 485280 1.02348e+06 5.28233e+06 566412 
170.75 2.76395e+06 486273 1.02471e+06 5.28178e+06 566752 
170.875 2.76192e+06 487262 1.02594e+06 5.28125e+06 567093 
171 2.75987e+06 488244 1.02718e+06 5.28074e+06 567433 
171.125 2.7578e+06 489221 1.02843e+06 5.28025e+06 567775 
171.25 2.7557e+06 490192 1.02968e+06 5.27977e+06 568116 
171.375 2.75359e+06 491157 1.03095e+06 5.27931e+06 568459 
171.5 2.75146e+06 492115 1.03222e+06 5.27887e+06 568802 
171.625 2.7493e+06 493067 1.0335e+06 5.27845e+06 569145 
171.75 2.74713e+06 494013 1.03479e+06 5.27804e+06 569489 
171.875 2.74494e+06 494952 1.03609e+06 5.27765e+06 569833 
172 2.74272e+06 495885 1.0374e+06 5.27728e+06 570178 
172.125 2.74049e+06 496810 1.03871e+06 5.27693e+06 570523 
172.25 2.73825e+06 497729 1.04003e+06 5.27659e+06 570869 
172.375 2.73598e+06 498640 1.04135e+06 5.27628e+06 571215 
172.5 2.7337e+06 499544 1.04269e+06 5.27597e+06 571562 
172.625 2.7314e+06 500441 1.04403e+06 5.27569e+06 571909 
172.75 2.72908e+06 501330 1.04537e+06 5.27542e+06 572257 
172.875 2.72675e+06 502212 1.04673e+06 5.27517e+06 572606 
173 2.7244e+06 503085 1.04808e+06 5.27494e+06 572955 
173.125 2.72204e+06 503951 1.04945e+06 5.27473e+06 573304 
173.25 2.71966e+06 504809 1.05082e+06 5.27453e+06 573654 
173.375 2.71726e+06 505659 1.05219e+06 5.27435e+06 574004 
173.5 2.71485e+06 506501 1.05357e+06 5.27418e+06 574355 
173.625 2.71243e+06 507334 1.05496e+06 5.27404e+06 574706 
173.75 2.70999e+06 508159 1.05635e+06 5.27391e+06 575058 
173.875 2.70754e+06 508975 1.05774e+06 5.27379e+06 575410 
174 2.70508e+06 509783 1.05914e+06 5.2737e+06 575763 
174.125 2.7026e+06 510581 1.06055e+06 5.27362e+06 576117 
174.25 2.70012e+06 511371 1.06195e+06 5.27355e+06 576470 
174.375 2.69762e+06 512152 1.06337e+06 5.27351e+06 576825 
174.5 2.69511e+06 512924 1.06478e+06 5.27347e+06 577180 
174.625 2.69258e+06 513687 1.0662e+06 5.27346e+06 577535 
174.75 2.69005e+06 514440 1.06762e+06 5.27346e+06 577891 
174.875 2.68751e+06 515184 1.06905e+06 5.27348e+06 578247 
175 2.68496e+06 515918 1.07047e+06 5.27351e+06 578604 
175.125 2.68239e+06 516643 1.07191e+06 5.27356e+06 578961 
175.25 2.67982e+06 517358 1.07334e+06 5.27363e+06 579319 
175.375 2.67724e+06 518063 1.07477e+06 5.27371e+06 579677 
175.5 2.67465e+06 518759 1.07621e+06 5.27381e+06 580036 
175.625 2.67206e+06 519444 1.07765e+06 5.27392e+06 580395 
175.75 2.66945e+06 520120 1.07909e+06 5.27405e+06 580755 
175.875 2.66684e+06 520785 1.08053e+06 5.27419e+06 581115 
176 2.66422e+06 521440 1.08198e+06 5.27435e+06 581475 
176.125 2.6616e+06 522085 1.08342e+06 5.27453e+06 581836 
176.25 2.65897e+06 522719 1.08487e+06 5.27472e+06 582198 
176.375 2.65633e+06 523344 1.08631e+06 5.27492e+06 582560 
176.5 2.65369e+06 523957 1.08776e+06 5.27514e+06 582923 
176.625 2.65104e+06 524560 1.08921e+06 5.27537e+06 583286 
176.75 2.64839e+06 525152 1.09065e+06 5.27562e+06 583649 
176.875 2.64573e+06 525734 1.0921e+06 5.27589e+06 584013 
177 2.64307e+06 526305 1.09355e+06 5.27616e+06 584377 
177.125 2.64041e+06 526865 1.09499e+06 5.27646e+06 584742 
177.25 2.63774e+06 527414 1.09644e+06 5.27676e+06 585107 
177.375 2.63508e+06 527952 1.09788e+06 5.27708e+06 585473 
177.5 2.6324e+06 528479 1.09933e+06 5.27742e+06 585839 
177.625 2.62973e+06 528996 1.10077e+06 5.27777e+06 586205 
177.75 2.62706e+06 529501 1.10221e+06 5.27813e+06 586573 
177.875 2.62438e+06 529994 1.10365e+06 5.2785e+06 586940 
178 2.6217e+06 530477 1.10508e+06 5.27889e+06 587308 
178.125 2.61903e+06 530949 1.10652e+06 5.27929e+06 587676 
178.25 2.61635e+06 531409 1.10795e+06 5.27971e+06 588045 
178.375 2.61367e+06 531858 1.10938e+06 5.28014e+06 588414 
178.5 2.611e+06 532295 1.11081e+06 5.28058e+06 588784 
178.625 2.60832e+06 532721 1.11223e+06 5.28104e+06 589154 
178.75 2.60565e+06 533136 1.11365e+06 5.2815e+06 589524 
178.875 2.60298e+06 533539 1.11507e+06 5.28198e+06 589895 
179 2.60031e+06 533931 1.11649e+06 5.28248e+06 590266 
179.125 2.59764e+06 534311 1.1179e+06 5.28298e+06 590638 
179.25 2.59497e+06 534680 1.11931e+06 5.2835e+06 591010 
179.375 2.59231e+06 535037 1.12071e+06 5.28403e+06 591382 
179.5 2.58965e+06 535383 1.12211e+06 5.28457e+06 591755 
179.625 2.587e+06 535717 1.1235e+06 5.28512e+06 592128 
179.75 2.58435e+06 536040 1.12489e+06 5.28568e+06 592502 
179.875 2.5817e+06 536351 1.12628e+06 5.28626e+06 592876 
180 2.57906e+06 536650 1.12766e+06 5.28684e+06 593250 
180.125 2.57643e+06 536938 1.12903e+06 5.28744e+06 593625 
180.25 2.5738e+06 537214 1.1304e+06 5.28805e+06 594000 
180.375 2.57117e+06 537479 1.13177e+06 5.28867e+06 594376 
180.5 2.56855e+06 537732 1.13313e+06 5.2893e+06 594751 
180.625 2.56594e+06 537973 1.13448e+06 5.28994e+06 595128 
180.75 2.56334e+06 538203 1.13583e+06 5.29059e+06 595504 
180.875 2.56074e+06 538421 1.13717e+06 5.29125e+06 595881 
181 2.55815e+06 538628 1.13851e+06 5.29192e+06 596258 
181.125 2.55557e+06 538823 1.13983e+06 5.2926e+06 596636 
181.25 2.55299e+06 539007 1.14116e+06 5.2933e+06 597014 
181.375 2.55043e+06 539179 1.14247e+06 5.294e+06 597392 
181.5 2.54787e+06 539339 1.14378e+06 5.29471e+06 597771 
181.625 2.54532e+06 539489 1.14508e+06 5.29543e+06 598150 
181.75 2.54278e+06 539626 1.14637e+06 5.29615e+06 598529 
181.875 2.54025e+06 539753 1.14766e+06 5.29689e+06 598909 
182 2.53773e+06 539868 1.14894e+06 5.29764e+06 599289 
182.125 2.53522e+06 539971 1.15021e+06 5.29839e+06 599669 
182.25 2.53272e+06 540063 1.15147e+06 5.29915e+06 600049 
182.375 2.53024e+06 540144 1.15273e+06 5.29993e+06 600430 
182.5 2.52776e+06 540214 1.15398e+06 5.30071e+06 600811 
182.625 2.52529e+06 540273 1.15521e+06 5.30149e+06 601193 
182.75 2.52284e+06 540320 1.15644e+06 5.30229e+06 601574 
182.875 2.5204e+06 540356 1.15767e+06 5.30309e+06 601956 
183 2.51796e+06 540382 1.15888e+06 5.3039e+06 602339 
183.125 2.51555e+06 540396 1.16008e+06 5.30472e+06 602721 
183.25 2.51314e+06 540399 1.16128e+06 5.30555e+06 603104 
183.375 2.51075e+06 540391 1.16246e+06 5.30638e+06 603487 
183.5 2.50837e+06 540373 1.16364e+06 5.30722e+06 603871 
183.625 2.506e+06 540343 1.16481e+06 5.30806e+06 604254 
183.75 2.50365e+06 540303 1.16596e+06 5.30891e+06 604638 
183.875 2.50131e+06 540252 1.16711e+06 5.30977e+06 605022 
184 2.49898e+06 540191 1.16825e+06 5.31064e+06 605407 
184.125 2.49667e+06 540119 1.16938e+06 5.31151e+06 605791 
184.25 2.49438e+06 540037 1.17049e+06 5.31238e+06 606176 
184.375 2.49209e+06 539944 1.1716e+06 5.31327e+06 606561 
184.5 2.48983e+06 539840 1.1727e+06 5.31415e+06 606946 
184.625 2.48757e+06 539727 1.17379e+06 5.31505e+06 607332 
184.75 2.48534e+06 539603 1.17486e+06 5.31594e+06 607718 
184.875 2.48312e+06 539469 1.17593e+06 5.31685e+06 608104 
185 2.48091e+06 539325 1.17698e+06 5.31775e+06 608490 
185.125 2.47872e+06 539171 1.17803e+06 5.31867e+06 608876 
185.25 2.47655e+06 539007 1.17906e+06 5.31958e+06 609263 
185.375 2.47439e+06 538834 1.18008e+06 5.32051e+06 609649 
185.5 2.47225e+06 538650 1.1811e+06 5.32143e+06 610036 
185.625 2.47013e+06 538457 1.1821e+06 5.32236e+06 610424 
185.75 2.46802e+06 538254 1.18308e+06 5.32329e+06 610811 
185.875 2.46593e+06 538042 1.18406e+06 5.32423e+06 611198 
186 2.46386e+06 537821 1.18503e+06 5.32517e+06 611586 
186.125 2.46181e+06 537590 1.18598e+06 5.32612e+06 611974 
186.25 2.45977e+06 537349 1.18692e+06 5.32706e+06 612362 
186.375 2.45775e+06 537100 1.18785e+06 5.32801e+06 612750 
186.5 2.45575e+06 536842 1.18877e+06 5.32897e+06 613138 
186.625 2.45376e+06 536574 1.18968e+06 5.32992e+06 613527 
186.75 2.4518e+06 536298 1.19057e+06 5.33088e+06 613915 
186.875 2.44985e+06 536013 1.19146e+06 5.33184e+06 614304 
187 2.44792e+06 535719 1.19233e+06 5.3328e+06 614693 
187.125 2.44601e+06 535417 1.19319e+06 5.33377e+06 615082 
187.25 2.44412e+06 535106 1.19403e+06 5.33474e+06 615471 
187.375 2.44225e+06 534787 1.19487e+06 5.3357e+06 615860 
187.5 2.44039e+06 534459 1.19569e+06 5.33667e+06 616249 
187.625 2.43856e+06 534124 1.1965e+06 5.33765e+06 616639 
187.75 2.43674e+06 533780 1.19729e+06 5.33862e+06 617028 
187.875 2.43495e+06 533428 1.19808e+06 5.33959e+06 617418 
188 2.43317e+06 533069 1.19885e+06 5.34057e+06 617808 
188.125 2.43141e+06 532701 1.19961e+06 5.34154e+06 618197 
188.25 2.42968e+06 532326 1.20035e+06 5.34252e+06 618587 
188.375 2.42796e+06 531943 1.20109e+06 5.3435e+06 618977 
188.5 2.42626e+06 531553 1.20181e+06 5.34448e+06 619367 
188.625 2.42458e+06 531156 1.20252e+06 5.34545e+06 619758 
188.75 2.42293e+06 530751 1.20321e+06 5.34643e+06 620148 
188.875 2.42129e+06 530339 1.20389e+06 5.34741e+06 620538 
189 2.41967e+06 529920 1.20456e+06 5.34839e+06 620928 
189.125 2.41807e+06 529494 1.20522e+06 5.34936e+06 621319 
189.25 2.4165e+06 529061 1.20586e+06 5.35034e+06 621709 
189.375 2.41494e+06 528622 1.20649e+06 5.35131e+06 622100 
189.5 2.4134e+06 528175 1.20711e+06 5.35229e+06 622490 
189.625 2.41189e+06 527723 1.20771e+06 5.35326e+06 622881 
189.75 2.41039e+06 527264 1.2083e+06 5.35424e+06 623271 
189.875 2.40892e+06 526798 1.20888e+06 5.35521e+06 623662 
190 2.40746e+06 526327 1.20944e+06 5.35618e+06 624053 
190.125 2.40603e+06 525849 1.21e+06 5.35715e+06 624443 
190.25 2.40462e+06 525366 1.21053e+06 5.35811e+06 624834 
190.375 2.40323e+06 524877 1.21106e+06 5.35908e+06 625224 
190.5 2.40186e+06 524381 1.21157e+06 5.36004e+06 625615 
190.625 2.40051e+06 523881 1.21207e+06 5.361e+06 626006 
190.75 2.39918e+06 523374 1.21256e+06 5.36196e+06 626397 
190.875 2.39787e+06 522863 1.21303e+06 5.36292e+06 626787 
191 2.39658e+06 522346 1.21349e+06 5.36387e+06 627178 
191.125 2.39532e+06 521824 1.21393e+06 5.36482e+06 627569 
191.25 2.39407e+06 521296 1.21437e+06 5.36577e+06 627959 
191.375 2.39285e+06 520764 1.21479e+06 5.36672e+06 628350 
191.5 2.39165e+06 520227 1.21519e+06 5.36766e+06 628740 
191.625 2.39047e+06 519685 1.21559e+06 5.3686e+06 629131 
191.75 2.3893e+06 519139 1.21597e+06 5.36954e+06 629521 
191.875 2.38817e+06 518588 1.21633e+06 5.37047e+06 629912 
192 2.38705e+06 518032 1.21669e+06 5.3714e+06 630302 
192.125 2.38595e+06 517473 1.21703e+06 5.37232e+06 630693 
192.25 2.38487e+06 516909 1.21736e+06 5.37325e+06 631083 
192.375 2.38382e+06 516341 1.21767e+06 5.37416e+06 631473 
192.5 2.38278e+06 515769 1.21797e+06 5.37508e+06 631863 
192.625 2.38177e+06 515193 1.21826e+06 5.37599e+06 632254 
192.75 2.38078e+06 514613 1.21854e+06 5.37689e+06 632644 
192.875 2.37981e+06 514030 1.2188e+06 5.3778e+06 633034 
193 2.37886e+06 513443 1.21905e+06 5.37869e+06 633424 
193.125 2.37793e+06 512853 1.21929e+06 5.37958e+06 633814 
193.25 2.37702e+06 512259 1.21951e+06 5.38047e+06 634203 
193.375 2.37613e+06 511662 1.21972e+06 5.38136e+06 634593 
193.5 2.37527e+06 511062 1.21992e+06 5.38223e+06 634983 
193.625 2.37442e+06 510459 1.22011e+06 5.38311e+06 635372 
193.75 2.3736e+06 509854 1.22028e+06 5.38397e+06 635762 
193.875 2.37279e+06 509245 1.22044e+06 5.38484e+06 636151 
194 2.37201e+06 508633 1.22059e+06 5.38569e+06 636540 
194.125 2.37125e+06 508019 1.22072e+06 5.38655e+06 636929 
194.25 2.3705e+06 507403 1.22085e+06 5.38739e+06 637318 
194.375 2.36978e+06 506784 1.22096e+06 5.38823e+06 637707 
194.5 2.36908e+06 506162 1.22106e+06 5.38907e+06 638096 
194.625 2.3684e+06 505539 1.22114e+06 5.3899e+06 638485 
194.75 2.36774e+06 504913 1.22122e+06 5.39072e+06 638873 
194.875 2.3671e+06 504286 1.22128e+06 5.39154e+06 639261 
195 2.36648e+06 503656 1.22133e+06 5.39235e+06 639650 
195.125 2.36588e+06 503025 1.22136e+06 5.39316e+06 640038 
195.25 2.3653e+06 502392 1.22139e+06 5.39395e+06 640426 
195.375 2.36474e+06 501757 1.2214e+06 5.39475e+06 640814 
195.5 2.3642e+06 501121 1.2214e+06 5.39553e+06 641202 
195.625 2.36369e+06 500484 1.22139e+06 5.39631e+06 641589 
195.75 2.36319e+06 499845 1.22137e+06 5.39709e+06 641977 
195.875 2.36271e+06 499205 1.22134e+06 5.39785e+06 642364 
196 2.36225e+06 498564 1.22129e+06 5.39861e+06 642751 
196.125 2.36181e+06 497921 1.22123e+06 5.39937e+06 643138 
196.25 2.36139e+06 497278 1.22117e+06 5.40011e+06 643525 
196.375 2.36099e+06 496634 1.22108e+06 5.40085e+06 643911 
196.5 2.3606e+06 495989 1.22099e+06 5.40158e+06 644298 
196.625 2.36024e+06 495343 1.22089e+06 5.40231e+06 644684 
196.75 2.3599e+06 494697 1.22078e+06 5.40302e+06 645070 
196.875 2.35958e+06 494051 1.22065e+06 5.40373e+06 645456 
197 2.35927e+06 493404 1.22051e+06 5.40444e+06 645842 
197.125 2.35898e+06 492756 1.22037e+06 5.40513e+06 646228 
197.25 2.35872e+06 492108 1.22021e+06 5.40582e+06 646613 
197.375 2.35847e+06 491461 1.22004e+06 5.4065e+06 646999 
197.5 2.35824e+06 490813 1.21986e+06 5.40717e+06 647384 
197.625 2.35803e+06 490165 1.21967e+06 5.40784e+06 647769 
197.75 2.35784e+06 489517 1.21947e+06 5.40849e+06 648153 
197.875 2.35766e+06 488869 1.21925e+06 5.40914e+06 648538 
198 2.35751e+06 488222 1.21903e+06 5.40978e+06 648922 
198.125 2.35737e+06 487575 1.2188e+06 5.41042e+06 649306 
198.25 2.35725e+06 486928 1.21856e+06 5.41104e+06 649690 
198.375 2.35715e+06 486282 1.2183e+06 5.41166e+06 650074 
198.5 2.35706e+06 485636 1.21804e+06 5.41227e+06 650457 
198.625 2.357e+06 484992 1.21777e+06 5.41287e+06 650841 
198.75 2.35695e+06 484347 1.21748e+06 5.41346e+06 651224 
198.875 2.35692e+06 483704 1.21719e+06 5.41405e+06 651607 
199 2.3569e+06 483061 1.21689e+06 5.41463e+06 651989 
199.125 2.3569e+06 482419 1.21658e+06 5.41519e+06 652372 
199.25 2.35693e+06 481779 1.21625e+06 5.41575e+06 652754 
199.375 2.35696e+06 481139 1.21592e+06 5.4163e+06 653136 
199.5 2.35702e+06 480501 1.21558e+06 5.41685e+06 653518 
199.625 2.35709e+06 479864 1.21523e+06 5.41738e+06 653900 
199.75 2.35718e+06 479228 1.21487e+06 5.41791e+06 654281 
199.875 2.35728e+06 478593 1.2145e+06 5.41842e+06 654662 
200 2.3574e+06 477960 1.21413e+06 5.41893e+06 655043 
