0 19990 10 0 0 0 
0.125 19989.5 10.259 0.119748 0.0890511 0.000241941 
0.25 19989.1 10.5248 0.241551 0.181273 0.000492982 
0.375 19988.6 10.7974 0.365473 0.276738 0.000753332 
0.5 19988.1 11.0771 0.491577 0.375517 0.00102321 
0.625 19987.5 11.364 0.619929 0.477688 0.00130283 
0.75 19987 11.6583 0.750595 0.583326 0.00159243 
0.875 19986.5 11.9603 0.883644 0.692512 0.00189224 
1 19985.9 12.27 1.01915 0.805325 0.0022025 
1.125 19985.3 12.5878 1.15717 0.921852 0.00252347 
1.25 19984.7 12.9138 1.2978 1.04218 0.00285538 
1.375 19984.1 13.2482 1.4411 1.16639 0.0031985 
1.5 19983.5 13.5912 1.58716 1.29457 0.0035531 
1.625 19982.9 13.9432 1.73605 1.42683 0.00391946 
1.75 19982.2 14.3042 1.88785 1.56325 0.00429785 
1.875 19981.6 14.6745 2.04264 1.70394 0.00468856 
2 19980.9 15.0544 2.20052 1.84899 0.0050919 
2.125 19980.2 15.4442 2.36157 1.99851 0.00550815 
2.25 19979.5 15.844 2.52588 2.1526 0.00593765 
2.375 19978.7 16.2541 2.69354 2.31137 0.0063807 
2.5 19978 16.6748 2.86465 2.47493 0.00683764 
2.625 19977.2 17.1064 3.0393 2.64341 0.00730881 
2.75 19976.4 17.5492 3.2176 2.81691 0.00779454 
2.875 19975.6 18.0033 3.39964 2.99556 0.0082952 
3 19974.8 18.4692 3.58552 3.17948 0.00881116 
3.125 19973.9 18.9472 3.77536 3.3688 0.00934278 
3.25 19973 19.4374 3.96927 3.56365 0.00989045 
3.375 19972.1 19.9403 4.16735 3.76417 0.0104546 
3.5 19971.2 20.4562 4.36973 3.97048 0.0110355 
3.625 19970.2 20.9854 4.57651 4.18274 0.0116338 
3.75 19969.3 21.5283 4.78783 4.40108 0.0122497 
3.875 19968.3 22.0852 5.00379 4.62567 0.0128838 
4 19967.2 22.6564 5.22454 4.85664 0.0135364 
4.125 19966.2 23.2423 5.45021 5.09416 0.0142081 
4.25 19965.1 23.8434 5.68091 5.33838 0.0148993 
4.375 19964 24.46 5.9168 5.58948 0.0156105 
4.5 19962.9 25.0924 6.15801 5.84762 0.0163421 
4.625 19961.7 25.7412 6.40469 6.11297 0.0170948 
4.75 19960.5 26.4066 6.65698 6.38572 0.017869 
4.875 19959.3 27.0892 6.91503 6.66605 0.0186653 
5 19958.1 27.7894 7.17901 6.95413 0.0194842 
5.125 19956.8 28.5077 7.44906 7.25018 0.0203263 
5.25 19955.5 29.2444 7.72535 7.55438 0.0211921 
5.375 19954.1 30.0001 8.00805 7.86693 0.0220823 
5.5 19952.7 30.7752 8.29733 8.18805 0.0229974 
5.625 19951.3 31.5703 8.59337 8.51795 0.0239382 
5.75 19949.8 32.3858 8.89634 8.85685 0.0249052 
5.875 19948.3 33.2223 9.20643 9.20496 0.025899 
6 19946.8 34.0804 9.52382 9.56253 0.0269205 
6.125 19945.2 34.9605 9.84872 9.92979 0.0279702 
6.25 19943.6 35.8632 10.1813 10.307 0.0290489 
6.375 19942 36.7891 10.5218 10.6943 0.0301573 
6.5 19940.3 37.7388 10.8704 11.0921 0.0312961 
6.625 19938.5 38.7129 11.2274 11.5006 0.0324661 
6.75 19936.7 39.712 11.5928 11.9201 0.0336682 
6.875 19934.9 40.7367 11.9671 12.3508 0.0349031 
7 19933 41.7878 12.3503 12.793 0.0361716 
7.125 19931.1 42.8658 12.7428 13.247 0.0374746 
7.25 19929.1 43.9715 13.1448 13.7132 0.0388129 
7.375 19927.1 45.1055 13.5565 14.1917 0.0401875 
7.5 19925 46.2687 13.9782 14.683 0.0415993 
7.625 19922.9 47.4616 14.4101 15.1873 0.0430492 
7.75 19920.7 48.685 14.8525 15.705 0.0445381 
7.875 19918.5 49.9399 15.3058 16.2364 0.0460672 
8 19916.2 51.2268 15.77 16.7819 0.0476372 
8.125 19913.8 52.5467 16.2457 17.3417 0.0492494 
8.25 19911.4 53.9003 16.7329 17.9164 0.0509048 
8.375 19908.9 55.2886 17.2322 18.5061 0.0526044 
8.5 19906.4 56.7123 17.7437 19.1114 0.0543495 
8.625 19903.8 58.1725 18.2677 19.7327 0.056141 
8.75 19901.1 59.6699 18.8047 20.3702 0.0579803 
8.875 19898.4 61.2056 19.3549 21.0245 0.0598685 
9 19895.5 62.7805 19.9187 21.6959 0.0618068 
9.125 19892.7 64.3956 20.4964 22.385 0.0637966 
9.25 19889.7 66.0519 21.0885 23.092 0.0658391 
9.375 19886.7 67.7503 21.6951 23.8175 0.0679357 
9.5 19883.6 69.4921 22.3168 24.562 0.0700877 
9.625 19880.4 71.2782 22.954 25.326 0.0722965 
9.75 19877.1 73.1099 23.6069 26.1098 0.0745636 
9.875 19873.7 74.9881 24.2761 26.9141 0.0768904 
10 19870.3 76.914 24.9619 27.7393 0.0792785 
10.125 19866.8 78.889 25.6648 28.5859 0.0817294 
10.25 19863.2 80.9141 26.3852 29.4546 0.0842447 
10.375 19859.5 82.9906 27.1235 30.3459 0.086826 
10.5 19855.7 85.1198 27.8802 31.2602 0.089475 
10.625 19851.8 87.3031 28.6559 32.1983 0.0921934 
10.75 19847.8 89.5416 29.4508 33.1607 0.0949829 
10.875 19843.7 91.8369 30.2657 34.1481 0.0978454 
11 19839.4 94.1903 31.1009 35.1609 0.100783 
11.125 19835.1 96.6033 31.957 36.2 0.103797 
11.25 19830.7 99.0772 32.8345 37.2659 0.106889 
11.375 19826.2 101.614 33.7339 38.3594 0.110062 
11.5 19821.5 104.214 34.6558 39.4811 0.113318 
11.625 19816.8 106.88 35.6009 40.6317 0.116658 
11.75 19811.9 109.614 36.5695 41.812 0.120086 
11.875 19806.9 112.416 37.5625 43.0227 0.123602 
12 19801.7 115.289 38.5803 44.2645 0.127209 
12.125 19796.5 118.234 39.6236 45.5383 0.130911 
12.25 19791.1 121.253 40.693 46.8449 0.134708 
12.375 19785.5 124.348 41.7893 48.185 0.138603 
12.5 19779.9 127.52 42.913 49.5595 0.142599 
12.625 19774 130.772 44.0649 50.9694 0.146698 
12.75 19768.1 134.106 45.2456 52.4153 0.150903 
12.875 19762 137.523 46.456 53.8983 0.155217 
13 19755.7 141.025 47.6966 55.4194 0.159642 
13.125 19749.3 144.615 48.9684 56.9793 0.164181 
13.25 19742.7 148.295 50.272 58.5792 0.168837 
13.375 19735.9 152.066 51.6082 60.2199 0.173613 
13.5 19729 155.931 52.9779 61.9026 0.178512 
13.625 19721.9 159.893 54.382 63.6282 0.183536 
13.75 19714.6 163.952 55.8211 65.3979 0.188689 
13.875 19707.2 168.113 57.2963 67.2127 0.193975 
14 19699.5 172.377 58.8084 69.0737 0.199396 
14.125 19691.7 176.746 60.3583 70.9821 0.204956 
14.25 19683.7 181.223 61.947 72.9391 0.210658 
14.375 19675.5 185.811 63.5754 74.9459 0.216506 
14.5 19667 190.512 65.2444 77.0036 0.222504 
14.625 19658.4 195.329 66.9552 79.1136 0.228654 
14.75 19649.5 200.265 68.7086 81.2771 0.234962 
14.875 19640.4 205.322 70.5058 83.4955 0.24143 
15 19631.1 210.503 72.3478 85.7701 0.248064 
15.125 19621.6 215.81 74.2357 88.1023 0.254865 
15.25 19611.8 221.248 76.1706 90.4935 0.26184 
15.375 19601.8 226.819 78.1538 92.9452 0.268993 
15.5 19591.6 232.525 80.1862 95.4588 0.276326 
15.625 19581 238.37 82.2692 98.0358 0.283846 
15.75 19570.3 244.358 84.4039 100.678 0.291556 
15.875 19559.2 250.49 86.5916 103.386 0.299462 
16 19547.9 256.771 88.8336 106.163 0.307567 
16.125 19536.3 263.205 91.1311 109.01 0.315878 
16.25 19524.5 269.793 93.4855 111.928 0.324398 
16.375 19512.3 276.54 95.8982 114.92 0.333133 
16.5 19499.9 283.449 98.3706 117.986 0.342088 
16.625 19487.1 290.524 100.904 121.129 0.351269 
16.75 19474 297.769 103.5 124.352 0.360681 
16.875 19460.6 305.186 106.16 127.654 0.370329 
17 19446.9 312.781 108.885 131.04 0.380219 
17.125 19432.9 320.556 111.678 134.509 0.390357 
17.25 19418.5 328.515 114.539 138.066 0.40075 
17.375 19403.7 336.663 117.47 141.71 0.411402 
17.5 19388.7 345.004 120.473 145.446 0.422321 
17.625 19373.2 353.541 123.55 149.275 0.433512 
17.75 19357.4 362.278 126.702 153.198 0.444982 
17.875 19341.2 371.221 129.931 157.219 0.456738 
18 19324.6 380.372 133.238 161.339 0.468786 
18.125 19307.6 389.737 136.627 165.562 0.481134 
18.25 19290.2 399.32 140.097 169.888 0.493788 
18.375 19272.4 409.124 143.652 174.322 0.506755 
18.5 19254.2 419.156 147.293 178.865 0.520044 
18.625 19235.5 429.418 151.022 183.519 0.533661 
18.75 19216.4 439.916 154.842 188.288 0.547614 
18.875 19196.9 450.654 158.753 193.175 0.561911 
19 19176.8 461.637 162.759 198.18 0.57656 
19.125 19156.4 472.87 166.861 203.309 0.591569 
19.25 19135.4 484.358 171.062 208.562 0.606947 
19.375 19114 496.105 175.363 213.944 0.622701 
19.5 19092 508.115 179.767 219.457 0.638841 
19.625 19069.6 520.395 184.276 225.105 0.655375 
19.75 19046.6 532.949 188.893 230.889 0.672312 
19.875 19023.1 545.783 193.619 236.813 0.689661 
20 18999.1 558.9 198.458 242.881 0.707433 
20.125 18974.5 572.306 203.411 249.095 0.725635 
20.25 18949.3 586.006 208.481 255.46 0.744278 
20.375 18923.6 600.005 213.67 261.977 0.763372 
20.5 18897.3 614.309 218.981 268.651 0.782927 
20.625 18870.4 628.922 224.417 275.485 0.802953 
20.75 18842.9 643.85 229.98 282.483 0.82346 
20.875 18814.7 659.098 235.673 289.647 0.844459 
21 18786 674.67 241.498 296.983 0.86596 
21.125 18756.6 690.572 247.459 304.492 0.887976 
21.25 18726.5 706.81 253.557 312.18 0.910516 
21.375 18695.8 723.388 259.796 320.05 0.933592 
21.5 18664.4 740.311 266.179 328.106 0.957216 
21.625 18632.4 757.585 272.708 336.351 0.981399 
21.75 18599.6 775.214 279.386 344.79 1.00615 
21.875 18566.1 793.204 286.217 353.428 1.03149 
22 18531.9 811.559 293.202 362.267 1.05742 
22.125 18497 830.285 300.346 371.312 1.08397 
22.25 18461.3 849.386 307.651 380.567 1.11113 
22.375 18424.8 868.867 315.121 390.038 1.13892 
22.5 18387.6 888.733 322.757 399.727 1.16737 
22.625 18349.6 908.988 330.565 409.64 1.19647 
22.75 18310.8 929.636 338.545 419.781 1.22624 
22.875 18271.2 950.684 346.703 430.154 1.25671 
23 18230.8 972.133 355.04 440.764 1.28787 
23.125 18189.5 993.99 363.561 451.617 1.31975 
23.25 18147.4 1016.26 372.268 462.715 1.35235 
23.375 18104.4 1038.94 381.165 474.065 1.3857 
23.5 18060.6 1062.04 390.254 485.671 1.4198 
23.625 18015.9 1085.56 399.54 497.537 1.45468 
23.75 17970.3 1109.51 409.025 509.67 1.49034 
23.875 17923.8 1133.89 418.714 522.073 1.52681 
24 17876.4 1158.7 428.608 534.752 1.56409 
24.125 17828 1183.94 438.712 547.712 1.6022 
24.25 17778.8 1209.62 449.028 560.958 1.64116 
24.375 17728.5 1235.74 459.561 574.494 1.68099 
24.5 17677.3 1262.3 470.313 588.327 1.72169 
24.625 17625.2 1289.3 481.288 602.462 1.76329 
24.75 17572.1 1316.75 492.488 616.903 1.80579 
24.875 17517.9 1344.65 503.918 631.656 1.84922 
25 17462.8 1372.99 515.581 646.726 1.8936 
25.125 17406.7 1401.78 527.48 662.119 1.93893 
25.25 17349.5 1431.01 539.617 677.84 1.98523 
25.375 17291.4 1460.7 551.997 693.894 2.03253 
25.5 17232.2 1490.83 564.623 710.286 2.08083 
25.625 17171.9 1521.41 577.497 727.023 2.13016 
25.75 17110.7 1552.43 590.623 744.109 2.18053 
25.875 17048.3 1583.9 604.003 761.55 2.23195 
26 16984.9 1615.81 617.642 779.351 2.28445 
26.125 16920.4 1648.16 631.541 797.518 2.33804 
26.25 16854.9 1680.94 645.703 816.056 2.39274 
26.375 16788.3 1714.16 660.133 834.97 2.44855 
26.5 16720.6 1747.81 674.831 854.266 2.50551 
26.625 16651.8 1781.88 689.802 873.949 2.56363 
26.75 16581.9 1816.37 705.046 894.025 2.62291 
26.875 16511 1851.27 720.568 914.498 2.68339 
27 16438.9 1886.58 736.37 935.374 2.74507 
27.125 16365.8 1922.3 752.453 956.658 2.80798 
27.25 16291.5 1958.4 768.821 978.355 2.87212 
27.375 16216.2 1994.9 785.474 1000.47 2.93752 
27.5 16139.8 2031.77 802.416 1023.01 3.00418 
27.625 16062.3 2069.01 819.649 1045.98 3.07214 
27.75 15983.7 2106.62 837.173 1069.38 3.14139 
27.875 15904 2144.57 854.99 1093.22 3.21196 
28 15823.3 2182.86 873.103 1117.5 3.28387 
28.125 15741.4 2221.49 891.513 1142.23 3.35712 
28.25 15658.5 2260.42 910.22 1167.41 3.43173 
28.375 15574.6 2299.67 929.226 1193.04 3.50772 
28.5 15489.5 2339.2 948.531 1219.14 3.5851 
28.625 15403.5 2379.01 968.137 1245.7 3.66388 
28.75 15316.4 2419.08 988.044 1272.73 3.74409 
28.875 15228.3 2459.41 1008.25 1300.23 3.82572 
29 15139.2 2499.96 1028.76 1328.21 3.9088 
29.125 15049 2540.73 1049.57 1356.67 3.99333 
29.25 14957.9 2581.7 1070.69 1385.62 4.07933 
29.375 14865.8 2622.85 1092.1 1415.05 4.16681 
29.5 14772.8 2664.17 1113.82 1444.97 4.25579 
29.625 14678.8 2705.62 1135.83 1475.38 4.34626 
29.75 14583.9 2747.21 1158.14 1506.29 4.43825 
29.875 14488.1 2788.9 1180.75 1537.7 4.53176 
30 14391.4 2830.68 1203.66 1569.61 4.6268 
30.125 14293.9 2872.52 1226.86 1602.02 4.72339 
30.25 14195.5 2914.4 1250.36 1634.94 4.82152 
30.375 14096.3 2956.31 1274.14 1668.37 4.92121 
30.5 13996.3 2998.21 1298.21 1702.3 5.02246 
30.625 13895.5 3040.09 1322.57 1736.75 5.12528 
30.75 13793.9 3081.92 1347.2 1771.7 5.22968 
30.875 13691.7 3123.68 1372.12 1807.17 5.33566 
31 13588.7 3165.34 1397.31 1843.15 5.44323 
31.125 13485.1 3206.89 1422.78 1879.64 5.55238 
31.25 13380.9 3248.29 1448.51 1916.65 5.66313 
31.375 13276 3289.52 1474.51 1954.17 5.77547 
31.5 13170.6 3330.56 1500.76 1992.2 5.88942 
31.625 13064.6 3371.37 1527.27 2030.75 6.00496 
31.75 12958.1 3411.94 1554.03 2069.81 6.1221 
31.875 12851.1 3452.24 1581.04 2109.37 6.24083 
32 12743.7 3492.24 1608.28 2149.45 6.36117 
32.125 12635.8 3531.92 1635.76 2190.04 6.4831 
32.25 12527.6 3571.24 1663.46 2231.13 6.60663 
32.375 12419 3610.2 1691.38 2272.72 6.73175 
32.5 12310.1 3648.74 1719.52 2314.81 6.85845 
32.625 12200.9 3686.86 1747.87 2357.4 6.98673 
32.75 12091.4 3724.53 1776.42 2400.49 7.11659 
32.875 11981.8 3761.72 1805.16 2444.07 7.24802 
33 11872 3798.4 1834.08 2488.14 7.38101 
33.125 11762.1 3834.56 1863.18 2532.68 7.51556 
33.25 11652 3870.16 1892.46 2577.71 7.65165 
33.375 11541.9 3905.18 1921.89 2623.22 7.78927 
33.5 11431.8 3939.6 1951.48 2669.2 7.92843 
33.625 11321.7 3973.39 1981.21 2715.64 8.06909 
33.75 11211.6 4006.54 2011.08 2762.54 8.21126 
33.875 11101.7 4039.01 2041.08 2809.9 8.35492 
34 10991.8 4070.79 2071.19 2857.7 8.50006 
34.125 10882.1 4101.85 2101.42 2905.95 8.64666 
34.25 10772.7 4132.18 2131.74 2954.63 8.79471 
34.375 10663.4 4161.75 2162.15 3003.75 8.94419 
34.5 10554.4 4190.55 2192.64 3053.29 9.09509 
34.625 10445.8 4218.55 2223.2 3103.24 9.24738 
34.75 10337.4 4245.73 2253.82 3153.6 9.40106 
34.875 10229.5 4272.09 2284.49 3204.37 9.5561 
35 10122 4297.61 2315.19 3255.53 9.71249 
35.125 10014.9 4322.26 2345.93 3307.07 9.8702 
35.25 9908.26 4346.03 2376.68 3358.99 10.0292 
35.375 9802.17 4368.92 2407.44 3411.28 10.1895 
35.5 9696.62 4390.9 2438.2 3463.93 10.3511 
35.625 9591.64 4411.97 2468.94 3516.94 10.5139 
35.75 9487.27 4432.11 2499.66 3570.28 10.6779 
35.875 9383.54 4451.31 2530.34 3623.96 10.8431 
36 9280.47 4469.57 2560.98 3677.96 11.0095 
36.125 9178.1 4486.88 2591.56 3732.28 11.1771 
36.25 9076.45 4503.23 2622.07 3786.91 11.3458 
36.375 8975.55 4518.61 2652.5 3841.83 11.5155 
36.5 8875.42 4533.02 2682.84 3897.04 11.6864 
36.625 8776.1 4546.45 2713.08 3952.52 11.8583 
36.75 8677.59 4558.9 2743.21 4008.27 12.0312 
36.875 8579.93 4570.37 2773.22 4064.27 12.2051 
37 8483.15 4580.86 2803.09 4120.52 12.38 
37.125 8387.25 4590.36 2832.82 4177.01 12.5558 
37.25 8292.26 4598.89 2862.4 4233.72 12.7326 
37.375 8198.2 4606.43 2891.82 4290.65 12.9103 
37.5 8105.09 4612.99 2921.06 4347.78 13.0888 
37.625 8012.94 4618.57 2950.12 4405.1 13.2681 
37.75 7921.77 4623.18 2978.99 4462.61 13.4483 
37.875 7831.6 4626.83 3007.65 4520.29 13.6292 
38 7742.45 4629.52 3036.1 4578.13 13.8109 
38.125 7654.31 4631.25 3064.32 4636.12 13.9933 
38.25 7567.21 4632.03 3092.32 4694.26 14.1764 
38.375 7481.17 4631.88 3120.07 4752.52 14.3602 
38.5 7396.18 4630.8 3147.58 4810.91 14.5446 
38.625 7312.26 4628.79 3174.82 4869.4 14.7297 
38.75 7229.41 4625.88 3201.8 4927.99 14.9153 
38.875 7147.65 4622.07 3228.5 4986.67 15.1015 
39 7066.99 4617.37 3254.92 5045.43 15.2882 
39.125 6987.42 4611.8 3281.05 5104.26 15.4754 
39.25 6908.95 4605.37 3306.88 5163.14 15.6631 
39.375 6831.59 4598.09 3332.4 5222.07 15.8512 
39.5 6755.34 4589.97 3357.61 5281.04 16.0398 
39.625 6680.21 4581.04 3382.49 5340.03 16.2287 
39.75 6606.19 4571.3 3407.05 5399.04 16.418 
39.875 6533.29 4560.77 3431.28 5458.05 16.6077 
40 6461.51 4549.47 3455.16 5517.07 16.7976 
40.125 6390.84 4537.41 3478.7 5576.07 16.9879 
40.25 6321.29 4524.61 3501.88 5635.04 17.1784 
40.375 6252.85 4511.08 3524.71 5693.99 17.3691 
40.5 6185.53 4496.85 3547.17 5752.89 17.5601 
40.625 6119.31 4481.92 3569.26 5811.75 17.7512 
40.75 6054.21 4466.33 3590.98 5870.54 17.9425 
40.875 5990.2 4450.07 3612.33 5929.27 18.1339 
41 5927.29 4433.18 3633.29 5987.92 18.3255 
41.125 5865.47 4415.67 3653.86 6046.48 18.5171 
41.25 5804.74 4397.56 3674.04 6104.95 18.7088 
41.375 5745.1 4378.86 3693.83 6163.31 18.9005 
41.5 5686.52 4359.6 3713.22 6221.57 19.0922 
41.625 5629.02 4339.79 3732.21 6279.7 19.2839 
41.75 5572.57 4319.45 3750.8 6337.71 19.4756 
41.875 5517.18 4298.59 3768.98 6395.58 19.6673 
42 5462.83 4277.25 3786.76 6453.31 19.8588 
42.125 5409.52 4255.43 3804.12 6510.89 20.0503 
42.25 5357.23 4233.15 3821.07 6568.31 20.2416 
42.375 5305.97 4210.43 3837.61 6625.56 20.4329 
42.5 5255.71 4187.29 3853.73 6682.65 20.6239 
42.625 5206.46 4163.75 3869.43 6739.55 20.8148 
42.75 5158.19 4139.81 3884.72 6796.27 21.0055 
42.875 5110.91 4115.51 3899.58 6852.79 21.1959 
43 5064.6 4090.86 3914.03 6909.12 21.3862 
43.125 5019.25 4065.87 3928.06 6965.24 21.5762 
43.25 4974.85 4040.56 3941.67 7021.15 21.7659 
43.375 4931.38 4014.95 3954.86 7076.85 21.9553 
43.5 4888.85 3989.06 3967.63 7132.32 22.1444 
43.625 4847.24 3962.89 3979.98 7187.56 22.3332 
43.75 4806.53 3936.47 3991.91 7242.57 22.5217 
43.875 4766.72 3909.81 4003.42 7297.34 22.7098 
44 4727.8 3882.93 4014.52 7351.86 22.8976 
44.125 4689.75 3855.84 4025.19 7406.13 23.085 
44.25 4652.56 3828.55 4035.46 7460.15 23.2719 
44.375 4616.23 3801.09 4045.31 7513.91 23.4585 
44.5 4580.73 3773.46 4054.75 7567.41 23.6446 
44.625 4546.07 3745.68 4063.78 7620.64 23.8303 
44.75 4512.23 3717.76 4072.4 7673.59 24.0156 
44.875 4479.19 3689.72 4080.62 7726.27 24.2003 
45 4446.95 3661.56 4088.43 7778.67 24.3846 
45.125 4415.5 3633.31 4095.84 7830.78 24.5685 
45.25 4384.82 3604.97 4102.85 7882.61 24.7518 
45.375 4354.91 3576.56 4109.46 7934.14 24.9346 
45.5 4325.75 3548.08 4115.68 7985.37 25.1168 
45.625 4297.33 3519.55 4121.51 8036.31 25.2986 
45.75 4269.64 3490.98 4126.95 8086.95 25.4798 
45.875 4242.68 3462.38 4132 8137.28 25.6604 
46 4216.42 3433.77 4136.67 8187.3 25.8405 
46.125 4190.86 3405.14 4140.96 8237.01 26.02 
46.25 4165.99 3376.52 4144.88 8286.41 26.1989 
46.375 4141.81 3347.9 4148.42 8335.49 26.3773 
46.5 4118.28 3319.31 4151.6 8384.25 26.555 
46.625 4095.42 3290.74 4154.41 8432.69 26.7321 
46.75 4073.21 3262.22 4156.85 8480.81 26.9086 
46.875 4051.63 3233.74 4158.94 8528.61 27.0845 
47 4030.68 3205.31 4160.68 8576.07 27.2598 
47.125 4010.36 3176.95 4162.06 8623.21 27.4344 
47.25 3990.64 3148.65 4163.09 8670.01 27.6084 
47.375 3971.52 3120.43 4163.79 8716.48 27.7817 
47.5 3952.99 3092.3 4164.14 8762.62 27.9544 
47.625 3935.04 3064.26 4164.16 8808.42 28.1264 
47.75 3917.66 3036.31 4163.85 8853.88 28.2977 
47.875 3900.85 3008.47 4163.21 8899.01 28.4684 
48 3884.59 2980.74 4162.24 8943.79 28.6384 
48.125 3868.87 2953.13 4160.96 8988.23 28.8077 
48.25 3853.69 2925.63 4159.37 9032.33 28.9763 
48.375 3839.04 2898.26 4157.46 9076.09 29.1442 
48.5 3824.91 2871.03 4155.25 9119.5 29.3114 
48.625 3811.29 2843.93 4152.73 9162.57 29.4779 
48.75 3798.17 2816.97 4149.92 9205.3 29.6437 
48.875 3785.55 2790.15 4146.81 9247.67 29.8088 
49 3773.42 2763.49 4143.42 9289.7 29.9732 
49.125 3761.76 2736.97 4139.74 9331.38 30.1369 
49.25 3750.58 2710.62 4135.78 9372.72 30.2999 
49.375 3739.86 2684.42 4131.55 9413.71 30.4621 
49.5 3729.6 2658.39 4127.04 9454.34 30.6236 
49.625 3719.79 2632.53 4122.26 9494.63 30.7844 
49.75 3710.42 2606.84 4117.22 9534.57 30.9445 
49.875 3701.49 2581.32 4111.93 9574.17 31.1038 
50 3692.98 2555.97 4106.38 9613.41 31.2624 
50.125 3684.9 2530.81 4100.58 9652.3 31.4203 
50.25 3677.23 2505.82 4094.53 9690.85 31.5774 
50.375 3669.96 2481.02 4088.24 9729.05 31.7338 
50.5 3663.1 2456.4 4081.71 9766.89 31.8894 
50.625 3656.64 2431.97 4074.96 9804.4 32.0443 
50.75 3650.56 2407.72 4067.97 9841.55 32.1985 
50.875 3644.87 2383.67 4060.76 9878.35 32.3519 
51 3639.55 2359.81 4053.32 9914.81 32.5046 
51.125 3634.61 2336.14 4045.68 9950.92 32.6565 
51.25 3630.03 2312.66 4037.82 9986.69 32.8077 
51.375 3625.81 2289.38 4029.75 10022.1 32.9582 
51.5 3621.94 2266.29 4021.48 10057.2 33.1079 
51.625 3618.42 2243.4 4013.01 10091.9 33.2568 
51.75 3615.24 2220.71 4004.34 10126.3 33.405 
51.875 3612.4 2198.22 3995.48 10160.4 33.5525 
52 3609.89 2175.92 3986.44 10194.1 33.6992 
52.125 3607.71 2153.83 3977.21 10227.4 33.8452 
52.25 3605.84 2131.93 3967.8 10260.4 33.9904 
52.375 3604.3 2110.23 3958.22 10293.1 34.1349 
52.5 3603.07 2088.73 3948.46 10325.5 34.2787 
52.625 3602.14 2067.43 3938.54 10357.5 34.4217 
52.75 3601.51 2046.33 3928.45 10389.1 34.564 
52.875 3601.19 2025.43 3918.2 10420.5 34.7055 
53 3601.15 2004.73 3907.8 10451.5 34.8463 
53.125 3601.4 1984.23 3897.24 10482.1 34.9863 
53.25 3601.94 1963.93 3886.54 10512.5 35.1256 
53.375 3602.76 1943.82 3875.69 10542.5 35.2642 
53.5 3603.85 1923.92 3864.7 10572.1 35.4021 
53.625 3605.21 1904.21 3853.57 10601.5 35.5392 
53.75 3606.84 1884.69 3842.3 10630.5 35.6755 
53.875 3608.73 1865.37 3830.9 10659.2 35.8112 
54 3610.88 1846.25 3819.38 10687.5 35.9461 
54.125 3613.28 1827.33 3807.73 10715.6 36.0803 
54.25 3615.94 1808.59 3795.96 10743.3 36.2138 
54.375 3618.84 1790.05 3784.08 10770.7 36.3465 
54.5 3621.99 1771.7 3772.08 10797.8 36.4785 
54.625 3625.37 1753.54 3759.96 10824.5 36.6098 
54.75 3628.99 1735.58 3747.74 10850.9 36.7404 
54.875 3632.85 1717.8 3735.42 10877.1 36.8703 
55 3636.93 1700.21 3722.99 10902.9 36.9994 
55.125 3641.24 1682.8 3710.47 10928.4 37.1279 
55.25 3645.77 1665.59 3697.85 10953.5 37.2556 
55.375 3650.52 1648.55 3685.14 10978.4 37.3826 
55.5 3655.48 1631.7 3672.34 11003 37.509 
55.625 3660.66 1615.04 3659.45 11027.2 37.6346 
55.75 3666.05 1598.55 3646.48 11051.2 37.7595 
55.875 3671.64 1582.24 3633.43 11074.8 37.8837 
56 3677.44 1566.12 3620.3 11098.1 38.0072 
56.125 3683.44 1550.17 3607.1 11121.2 38.1301 
56.25 3689.63 1534.39 3593.82 11143.9 38.2522 
56.375 3696.02 1518.79 3580.48 11166.3 38.3736 
56.5 3702.6 1503.37 3567.07 11188.5 38.4944 
56.625 3709.36 1488.12 3553.59 11210.3 38.6145 
56.75 3716.32 1473.03 3540.05 11231.9 38.7339 
56.875 3723.46 1458.12 3526.46 11253.1 38.8526 
57 3730.77 1443.37 3512.8 11274.1 38.9706 
57.125 3738.27 1428.79 3499.1 11294.8 39.088 
57.25 3745.94 1414.38 3485.34 11315.1 39.2047 
57.375 3753.78 1400.13 3471.53 11335.2 39.3207 
57.5 3761.8 1386.04 3457.67 11355.1 39.4361 
57.625 3769.98 1372.11 3443.77 11374.6 39.5508 
57.75 3778.33 1358.35 3429.83 11393.8 39.6649 
57.875 3786.84 1344.74 3415.85 11412.8 39.7782 
58 3795.51 1331.28 3401.83 11431.5 39.891 
58.125 3804.34 1317.98 3387.77 11449.9 40.0031 
58.25 3813.32 1304.84 3373.68 11468 40.1145 
58.375 3822.46 1291.85 3359.56 11485.9 40.2253 
58.5 3831.75 1279.01 3345.41 11503.5 40.3354 
58.625 3841.19 1266.31 3331.24 11520.8 40.4449 
58.75 3850.77 1253.77 3317.03 11537.9 40.5538 
58.875 3860.5 1241.37 3302.81 11554.7 40.662 
59 3870.38 1229.12 3288.56 11571.2 40.7697 
59.125 3880.39 1217.01 3274.29 11587.4 40.8766 
59.25 3890.55 1205.04 3260.01 11603.4 40.983 
59.375 3900.84 1193.21 3245.71 11619.2 41.0887 
59.5 3911.26 1181.52 3231.39 11634.6 41.1938 
59.625 3921.82 1169.97 3217.07 11649.8 41.2983 
59.75 3932.51 1158.56 3202.73 11664.8 41.4022 
59.875 3943.33 1147.28 3188.38 11679.5 41.5055 
60 3954.28 1136.13 3174.03 11694 41.6081 
60.125 3965.35 1125.12 3159.67 11708.2 41.7102 
60.25 3976.54 1114.23 3145.31 11722.1 41.8117 
60.375 3987.86 1103.48 3130.94 11735.8 41.9125 
60.5 3999.3 1092.85 3116.57 11749.3 42.0128 
60.625 4010.85 1082.35 3102.21 11762.5 42.1125 
60.75 4022.52 1071.98 3087.84 11775.4 42.2116 
60.875 4034.31 1061.72 3073.48 11788.2 42.3101 
61 4046.21 1051.59 3059.13 11800.7 42.408 
61.125 4058.22 1041.59 3044.78 11812.9 42.5053 
61.25 4070.34 1031.7 3030.44 11824.9 42.6021 
61.375 4082.57 1021.93 3016.1 11836.7 42.6983 
61.5 4094.91 1012.27 3001.78 11848.2 42.7939 
61.625 4107.35 1002.74 2987.47 11859.6 42.8889 
61.75 4119.9 993.314 2973.17 11870.6 42.9834 
61.875 4132.55 984.004 2958.89 11881.5 43.0773 
62 4145.3 974.806 2944.62 11892.1 43.1707 
62.125 4158.14 965.718 2930.37 11902.5 43.2635 
62.25 4171.09 956.739 2916.14 11912.7 43.3558 
62.375 4184.13 947.869 2901.92 11922.6 43.4475 
62.5 4197.27 939.105 2887.73 11932.4 43.5386 
62.625 4210.5 930.447 2873.55 11941.9 43.6292 
62.75 4223.83 921.893 2859.4 11951.2 43.7193 
62.875 4237.24 913.442 2845.27 11960.2 43.8088 
63 4250.74 905.093 2831.17 11969.1 43.8978 
63.125 4264.33 896.845 2817.09 11977.7 43.9863 
63.25 4278.01 888.696 2803.04 11986.2 44.0742 
63.375 4291.78 880.646 2789.01 11994.4 44.1617 
63.5 4305.63 872.693 2775.01 12002.4 44.2485 
63.625 4319.56 864.836 2761.04 12010.2 44.3349 
63.75 4333.57 857.074 2747.1 12017.8 44.4208 
63.875 4347.66 849.405 2733.19 12025.2 44.5061 
64 4361.84 841.83 2719.32 12032.4 44.5909 
64.125 4376.09 834.346 2705.47 12039.4 44.6753 
64.25 4390.42 826.952 2691.66 12046.2 44.7591 
64.375 4404.82 819.648 2677.88 12052.8 44.8424 
64.5 4419.3 812.432 2664.13 12059.2 44.9252 
64.625 4433.85 805.303 2650.42 12065.4 45.0075 
64.75 4448.47 798.261 2636.75 12071.4 45.0893 
64.875 4463.17 791.304 2623.11 12077.2 45.1707 
65 4477.93 784.431 2609.52 12082.9 45.2515 
65.125 4492.77 777.641 2595.95 12088.3 45.3319 
65.25 4507.67 770.933 2582.43 12093.6 45.4118 
65.375 4522.64 764.307 2568.95 12098.6 45.4912 
65.5 4537.67 757.76 2555.51 12103.5 45.5701 
65.625 4552.77 751.293 2542.1 12108.2 45.6485 
65.75 4567.94 744.904 2528.74 12112.7 45.7265 
65.875 4583.16 738.593 2515.42 12117 45.804 
66 4598.45 732.358 2502.14 12121.2 45.8811 
66.125 4613.8 726.198 2488.91 12125.1 45.9577 
66.25 4629.2 720.113 2475.72 12128.9 46.0338 
66.375 4644.67 714.101 2462.57 12132.6 46.1095 
66.5 4660.19 708.162 2449.46 12136 46.1847 
66.625 4675.77 702.295 2436.4 12139.3 46.2595 
66.75 4691.41 696.499 2423.39 12142.4 46.3338 
66.875 4707.1 690.773 2410.42 12145.3 46.4076 
67 4722.85 685.116 2397.5 12148.1 46.4811 
67.125 4738.65 679.527 2384.62 12150.6 46.5541 
67.25 4754.5 674.006 2371.79 12153.1 46.6266 
67.375 4770.4 668.552 2359.01 12155.3 46.6987 
67.5 4786.35 663.164 2346.28 12157.4 46.7704 
67.625 4802.35 657.84 2333.59 12159.4 46.8417 
67.75 4818.4 652.582 2320.95 12161.1 46.9125 
67.875 4834.5 647.386 2308.36 12162.8 46.9829 
68 4850.65 642.253 2295.82 12164.2 47.0529 
68.125 4866.84 637.183 2283.33 12165.5 47.1225 
68.25 4883.08 632.173 2270.89 12166.7 47.1916 
68.375 4899.36 627.224 2258.5 12167.7 47.2604 
68.5 4915.68 622.335 2246.15 12168.5 47.3287 
68.625 4932.05 617.505 2233.86 12169.2 47.3966 
68.75 4948.46 612.733 2221.62 12169.7 47.4641 
68.875 4964.91 608.018 2209.43 12170.1 47.5312 
69 4981.4 603.361 2197.29 12170.3 47.598 
69.125 4997.93 598.759 2185.2 12170.4 47.6643 
69.25 5014.51 594.213 2173.17 12170.4 47.7302 
69.375 5031.11 589.722 2161.18 12170.2 47.7957 
69.5 5047.76 585.285 2149.25 12169.8 47.8609 
69.625 5064.44 580.901 2137.37 12169.4 47.9256 
69.75 5081.16 576.571 2125.54 12168.7 47.99 
69.875 5097.92 572.292 2113.76 12168 48.054 
70 5114.71 568.065 2102.04 12167.1 48.1176 
70.125 5131.53 563.889 2090.37 12166 48.1808 
70.25 5148.38 559.763 2078.75 12164.9 48.2436 
70.375 5165.27 555.687 2067.19 12163.5 48.3061 
70.5 5182.19 551.659 2055.68 12162.1 48.3682 
70.625 5199.15 547.681 2044.22 12160.5 48.43 
70.75 5216.13 543.75 2032.81 12158.8 48.4913 
70.875 5233.14 539.867 2021.46 12157 48.5523 
71 5250.18 536.03 2010.16 12155 48.613 
71.125 5267.25 532.239 1998.92 12152.9 48.6733 
71.25 5284.35 528.494 1987.73 12150.7 48.7332 
71.375 5301.47 524.794 1976.59 12148.4 48.7928 
71.5 5318.62 521.139 1965.51 12145.9 48.852 
71.625 5335.8 517.528 1954.48 12143.3 48.9109 
71.75 5353 513.96 1943.5 12140.6 48.9694 
71.875 5370.23 510.434 1932.58 12137.7 49.0276 
72 5387.48 506.952 1921.71 12134.8 49.0855 
72.125 5404.76 503.511 1910.9 12131.7 49.143 
72.25 5422.06 500.112 1900.14 12128.5 49.2002 
72.375 5439.38 496.753 1889.43 12125.2 49.257 
72.5 5456.72 493.435 1878.78 12121.8 49.3135 
72.625 5474.08 490.157 1868.19 12118.2 49.3697 
72.75 5491.47 486.918 1857.64 12114.5 49.4255 
72.875 5508.87 483.719 1847.15 12110.8 49.481 
73 5526.29 480.558 1836.72 12106.9 49.5362 
73.125 5543.74 477.434 1826.34 12102.9 49.5911 
73.25 5561.2 474.349 1816.01 12098.8 49.6457 
73.375 5578.67 471.301 1805.74 12094.6 49.6999 
73.5 5596.17 468.289 1795.52 12090.3 49.7538 
73.625 5613.68 465.314 1785.35 12085.8 49.8074 
73.75 5631.21 462.374 1775.24 12081.3 49.8607 
73.875 5648.76 459.47 1765.18 12076.7 49.9137 
74 5666.32 456.601 1755.18 12071.9 49.9664 
74.125 5683.89 453.767 1745.23 12067.1 50.0188 
74.25 5701.48 450.967 1735.33 12062.2 50.0708 
74.375 5719.08 448.2 1725.49 12057.1 50.1226 
74.5 5736.7 445.467 1715.7 12052 50.1741 
74.625 5754.33 442.767 1705.96 12046.7 50.2253 
74.75 5771.97 440.1 1696.28 12041.4 50.2762 
74.875 5789.62 437.465 1686.65 12035.9 50.3267 
75 5807.28 434.862 1677.07 12030.4 50.377 
75.125 5824.96 432.29 1667.55 12024.8 50.4271 
75.25 5842.64 429.75 1658.08 12019.1 50.4768 
75.375 5860.34 427.24 1648.66 12013.2 50.5262 
75.5 5878.04 424.761 1639.29 12007.3 50.5754 
75.625 5895.75 422.311 1629.98 12001.3 50.6243 
75.75 5913.47 419.892 1620.72 11995.2 50.6729 
75.875 5931.2 417.502 1611.51 11989.1 50.7212 
76 5948.94 415.141 1602.36 11982.8 50.7692 
76.125 5966.68 412.809 1593.26 11976.4 50.817 
76.25 5984.43 410.505 1584.21 11970 50.8645 
76.375 6002.19 408.23 1575.21 11963.5 50.9118 
76.5 6019.95 405.982 1566.26 11956.8 50.9587 
76.625 6037.72 403.761 1557.36 11950.1 51.0055 
76.75 6055.49 401.568 1548.52 11943.4 51.0519 
76.875 6073.27 399.402 1539.73 11936.5 51.0981 
77 6091.05 397.262 1530.99 11929.6 51.144 
77.125 6108.83 395.148 1522.3 11922.5 51.1897 
77.25 6126.62 393.061 1513.66 11915.4 51.2351 
77.375 6144.41 390.999 1505.07 11908.2 51.2802 
77.5 6162.21 388.963 1496.54 11901 51.3251 
77.625 6180 386.951 1488.05 11893.6 51.3698 
77.75 6197.8 384.965 1479.62 11886.2 51.4142 
77.875 6215.6 383.003 1471.23 11878.7 51.4584 
78 6233.4 381.065 1462.9 11871.1 51.5023 
78.125 6251.2 379.152 1454.61 11863.5 51.5459 
78.25 6268.99 377.262 1446.38 11855.8 51.5894 
78.375 6286.79 375.395 1438.19 11848 51.6326 
78.5 6304.59 373.552 1430.05 11840.1 51.6755 
78.625 6322.39 371.732 1421.97 11832.2 51.7182 
78.75 6340.19 369.935 1413.93 11824.2 51.7607 
78.875 6357.98 368.161 1405.94 11816.1 51.803 
79 6375.78 366.408 1398 11808 51.845 
79.125 6393.57 364.678 1390.11 11799.8 51.8868 
79.25 6411.35 362.969 1382.27 11791.5 51.9283 
79.375 6429.14 361.282 1374.48 11783.1 51.9697 
79.5 6446.92 359.617 1366.73 11774.7 52.0108 
79.625 6464.69 357.972 1359.04 11766.2 52.0517 
79.75 6482.47 356.349 1351.39 11757.7 52.0923 
79.875 6500.24 354.746 1343.79 11749.1 52.1328 
80 6518 353.164 1336.23 11740.4 52.173 
80.125 6535.76 351.602 1328.73 11731.7 52.213 
80.25 6553.51 350.06 1321.27 11722.9 52.2528 
80.375 6571.26 348.538 1313.86 11714.1 52.2924 
80.5 6589 347.036 1306.49 11705.1 52.3318 
80.625 6606.73 345.553 1299.17 11696.2 52.371 
80.75 6624.46 344.089 1291.9 11687.1 52.4099 
80.875 6642.18 342.645 1284.67 11678.1 52.4487 
81 6659.89 341.219 1277.5 11668.9 52.4872 
81.125 6677.59 339.812 1270.36 11659.7 52.5256 
81.25 6695.29 338.424 1263.27 11650.4 52.5637 
81.375 6712.98 337.053 1256.23 11641.1 52.6016 
81.5 6730.66 335.702 1249.24 11631.8 52.6394 
81.625 6748.33 334.368 1242.28 11622.3 52.6769 
81.75 6765.99 333.051 1235.38 11612.9 52.7143 
81.875 6783.64 331.753 1228.52 11603.3 52.7514 
82 6801.28 330.472 1221.7 11593.8 52.7884 
82.125 6818.91 329.208 1214.93 11584.1 52.8251 
82.25 6836.53 327.961 1208.2 11574.4 52.8617 
82.375 6854.14 326.732 1201.52 11564.7 52.8981 
82.5 6871.74 325.519 1194.88 11554.9 52.9343 
82.625 6889.33 324.322 1188.28 11545.1 52.9703 
82.75 6906.9 323.143 1181.73 11535.2 53.0062 
82.875 6924.47 321.979 1175.22 11525.3 53.0418 
83 6942.02 320.832 1168.75 11515.3 53.0773 
83.125 6959.56 319.701 1162.33 11505.3 53.1126 
83.25 6977.08 318.585 1155.95 11495.2 53.1477 
83.375 6994.6 317.486 1149.61 11485.1 53.1826 
83.5 7012.09 316.402 1143.32 11475 53.2173 
83.625 7029.58 315.333 1137.06 11464.8 53.2519 
83.75 7047.05 314.28 1130.85 11454.5 53.2863 
83.875 7064.51 313.242 1124.68 11444.2 53.3206 
84 7081.95 312.219 1118.56 11433.9 53.3546 
84.125 7099.38 311.211 1112.47 11423.5 53.3885 
84.25 7116.8 310.218 1106.43 11413.1 53.4223 
84.375 7134.2 309.239 1100.42 11402.7 53.4558 
84.5 7151.58 308.275 1094.46 11392.2 53.4892 
84.625 7168.95 307.326 1088.54 11381.7 53.5224 
84.75 7186.3 306.39 1082.66 11371.1 53.5555 
84.875 7203.64 305.469 1076.82 11360.5 53.5884 
85 7220.96 304.562 1071.02 11349.8 53.6212 
85.125 7238.26 303.669 1065.26 11339.2 53.6538 
85.25 7255.54 302.79 1059.54 11328.4 53.6862 
85.375 7272.81 301.924 1053.86 11317.7 53.7185 
85.5 7290.06 301.072 1048.22 11306.9 53.7506 
85.625 7307.3 300.234 1042.61 11296.1 53.7826 
85.75 7324.51 299.409 1037.05 11285.2 53.8144 
85.875 7341.71 298.597 1031.53 11274.3 53.846 
86 7358.89 297.798 1026.04 11263.4 53.8776 
86.125 7376.05 297.012 1020.6 11252.4 53.9089 
86.25 7393.19 296.24 1015.19 11241.4 53.9401 
86.375 7410.31 295.48 1009.82 11230.4 53.9712 
86.5 7427.42 294.733 1004.49 11219.4 54.0021 
86.625 7444.5 293.999 999.192 11208.3 54.0329 
86.75 7461.56 293.277 993.935 11197.2 54.0636 
86.875 7478.61 292.567 988.716 11186 54.0941 
87 7495.63 291.871 983.534 11174.8 54.1244 
87.125 7512.64 291.186 978.389 11163.6 54.1546 
87.25 7529.62 290.514 973.281 11152.4 54.1847 
87.375 7546.58 289.853 968.21 11141.1 54.2147 
87.5 7563.52 289.205 963.176 11129.9 54.2445 
87.625 7580.44 288.569 958.178 11118.5 54.2742 
87.75 7597.34 287.945 953.216 11107.2 54.3037 
87.875 7614.22 287.332 948.29 11095.8 54.3331 
88 7631.07 286.731 943.4 11084.4 54.3624 
88.125 7647.9 286.142 938.545 11073 54.3915 
88.25 7664.71 285.564 933.726 11061.6 54.4206 
88.375 7681.5 284.998 928.943 11050.1 54.4495 
88.5 7698.26 284.443 924.194 11038.6 54.4782 
88.625 7715.01 283.9 919.481 11027.1 54.5069 
88.75 7731.72 283.367 914.802 11015.6 54.5354 
88.875 7748.42 282.846 910.159 11004 54.5638 
89 7765.09 282.336 905.549 10992.4 54.5921 
89.125 7781.74 281.838 900.974 10980.8 54.6202 
89.25 7798.36 281.35 896.433 10969.2 54.6482 
89.375 7814.96 280.873 891.926 10957.6 54.6761 
89.5 7831.53 280.407 887.453 10945.9 54.7039 
89.625 7848.08 279.951 883.013 10934.2 54.7316 
89.75 7864.61 279.507 878.607 10922.5 54.7592 
89.875 7881.11 279.073 874.234 10910.8 54.7866 
90 7897.59 278.649 869.894 10899.1 54.814 
90.125 7914.04 278.237 865.587 10887.3 54.8412 
90.25 7930.46 277.834 861.313 10875.5 54.8683 
90.375 7946.86 277.442 857.072 10863.7 54.8953 
90.5 7963.23 277.061 852.863 10851.9 54.9222 
90.625 7979.58 276.69 848.687 10840.1 54.949 
90.75 7995.9 276.329 844.542 10828.3 54.9756 
90.875 8012.19 275.978 840.43 10816.4 55.0022 
91 8028.46 275.638 836.349 10804.5 55.0287 
91.125 8044.69 275.307 832.3 10792.6 55.055 
91.25 8060.91 274.987 828.283 10780.7 55.0813 
91.375 8077.09 274.677 824.297 10768.8 55.1074 
91.5 8093.25 274.377 820.342 10756.9 55.1335 
91.625 8109.38 274.086 816.418 10745 55.1594 
91.75 8125.48 273.806 812.526 10733 55.1853 
91.875 8141.55 273.535 808.664 10721 55.211 
92 8157.6 273.274 804.832 10709.1 55.2367 
92.125 8173.62 273.023 801.031 10697.1 55.2622 
92.25 8189.61 272.782 797.26 10685.1 55.2877 
92.375 8205.57 272.55 793.52 10673.1 55.3131 
92.5 8221.5 272.328 789.809 10661 55.3383 
92.625 8237.4 272.116 786.128 10649 55.3635 
92.75 8253.27 271.913 782.477 10637 55.3886 
92.875 8269.11 271.72 778.856 10624.9 55.4136 
93 8284.92 271.536 775.264 10612.8 55.4385 
93.125 8300.71 271.361 771.701 10600.8 55.4633 
93.25 8316.46 271.196 768.167 10588.7 55.488 
93.375 8332.18 271.041 764.662 10576.6 55.5127 
93.5 8347.88 270.895 761.186 10564.5 55.5372 
93.625 8363.54 270.758 757.739 10552.4 55.5617 
93.75 8379.17 270.63 754.32 10540.3 55.5861 
93.875 8394.77 270.512 750.93 10528.2 55.6104 
94 8410.34 270.403 747.568 10516.1 55.6346 
94.125 8425.87 270.303 744.234 10503.9 55.6587 
94.25 8441.38 270.213 740.928 10491.8 55.6828 
94.375 8456.85 270.131 737.65 10479.7 55.7068 
94.5 8472.3 270.059 734.4 10467.5 55.7307 
94.625 8487.71 269.996 731.177 10455.4 55.7545 
94.75 8503.08 269.942 727.982 10443.2 55.7782 
94.875 8518.43 269.897 724.814 10431.1 55.8019 
95 8533.74 269.861 721.673 10418.9 55.8255 
95.125 8549.02 269.834 718.56 10406.7 55.849 
95.25 8564.27 269.816 715.473 10394.6 55.8724 
95.375 8579.49 269.807 712.413 10382.4 55.8958 
95.5 8594.67 269.807 709.38 10370.2 55.9191 
95.625 8609.82 269.817 706.373 10358.1 55.9423 
95.75 8624.93 269.835 703.393 10345.9 55.9654 
95.875 8640.01 269.862 700.439 10333.7 55.9885 
96 8655.06 269.898 697.511 10321.5 56.0115 
96.125 8670.07 269.942 694.61 10309.3 56.0345 
96.25 8685.05 269.996 691.734 10297.2 56.0573 
96.375 8699.99 270.059 688.884 10285 56.0801 
96.5 8714.9 270.13 686.059 10272.8 56.1029 
96.625 8729.78 270.211 683.261 10260.6 56.1256 
96.75 8744.62 270.3 680.487 10248.4 56.1482 
96.875 8759.42 270.398 677.739 10236.3 56.1707 
97 8774.19 270.505 675.017 10224.1 56.1932 
97.125 8788.92 270.621 672.319 10211.9 56.2156 
97.25 8803.62 270.745 669.646 10199.8 56.238 
97.375 8818.28 270.879 666.999 10187.6 56.2603 
97.5 8832.91 271.021 664.376 10175.4 56.2825 
97.625 8847.5 271.172 661.777 10163.2 56.3047 
97.75 8862.05 271.332 659.203 10151.1 56.3269 
97.875 8876.57 271.5 656.654 10138.9 56.3489 
98 8891.05 271.678 654.129 10126.8 56.3709 
98.125 8905.49 271.864 651.628 10114.6 56.3929 
98.25 8919.9 272.059 649.151 10102.5 56.4148 
98.375 8934.27 272.263 646.698 10090.3 56.4367 
98.5 8948.6 272.475 644.27 10078.2 56.4585 
98.625 8962.89 272.696 641.864 10066.1 56.4802 
98.75 8977.15 272.927 639.483 10053.9 56.5019 
98.875 8991.37 273.166 637.125 10041.8 56.5235 
99 9005.55 273.413 634.791 10029.7 56.5451 
99.125 9019.69 273.67 632.48 10017.6 56.5667 
99.25 9033.8 273.935 630.192 10005.5 56.5882 
99.375 9047.86 274.209 627.927 9993.39 56.6096 
99.5 9061.89 274.492 625.686 9981.3 56.631 
99.625 9075.88 274.784 623.467 9969.22 56.6524 
99.75 9089.83 275.085 621.272 9957.14 56.6737 
99.875 9103.74 275.394 619.099 9945.08 56.695 
100 9117.61 275.713 616.949 9933.02 56.7162 
100.125 9131.44 276.04 614.821 9920.97 56.7374 
100.25 9145.23 276.376 612.716 9908.92 56.7585 
100.375 9158.98 276.721 610.633 9896.89 56.7796 
100.5 9172.69 277.075 608.573 9884.86 56.8006 
100.625 9186.36 277.437 606.535 9872.85 56.8217 
100.75 9199.99 277.809 604.519 9860.84 56.8426 
100.875 9213.58 278.19 602.525 9848.85 56.8636 
101 9227.12 278.579 600.553 9836.86 56.8845 
101.125 9240.63 278.978 598.603 9824.88 56.9053 
101.25 9254.1 279.385 596.675 9812.92 56.9261 
101.375 9267.52 279.801 594.768 9800.96 56.9469 
101.5 9280.9 280.227 592.884 9789.02 56.9677 
101.625 9294.24 280.661 591.02 9777.09 56.9884 
101.75 9307.54 281.105 589.178 9765.17 57.0091 
101.875 9320.8 281.557 587.358 9753.26 57.0297 
102 9334.01 282.019 585.559 9741.36 57.0504 
102.125 9347.19 282.489 583.781 9729.47 57.071 
102.25 9360.32 282.969 582.024 9717.6 57.0915 
102.375 9373.4 283.458 580.288 9705.74 57.112 
102.5 9386.45 283.956 578.573 9693.89 57.1325 
102.625 9399.45 284.463 576.88 9682.06 57.153 
102.75 9412.4 284.98 575.207 9670.24 57.1735 
102.875 9425.32 285.505 573.554 9658.43 57.1939 
103 9438.19 286.04 571.923 9646.64 57.2143 
103.125 9451.01 286.584 570.312 9634.86 57.2346 
103.25 9463.79 287.138 568.722 9623.09 57.255 
103.375 9476.53 287.7 567.152 9611.34 57.2753 
103.5 9489.22 288.272 565.603 9599.61 57.2956 
103.625 9501.87 288.854 564.073 9587.89 57.3158 
103.75 9514.47 289.444 562.565 9576.18 57.3361 
103.875 9527.03 290.045 561.076 9564.49 57.3563 
104 9539.54 290.654 559.608 9552.82 57.3765 
104.125 9552.01 291.273 558.159 9541.16 57.3967 
104.25 9564.43 291.902 556.731 9529.52 57.4168 
104.375 9576.81 292.54 555.323 9517.89 57.437 
104.5 9589.13 293.188 553.935 9506.29 57.4571 
104.625 9601.42 293.845 552.566 9494.69 57.4772 
104.75 9613.65 294.512 551.217 9483.12 57.4973 
104.875 9625.84 295.188 549.888 9471.56 57.5174 
105 9637.99 295.874 548.579 9460.02 57.5375 
105.125 9650.08 296.57 547.289 9448.5 57.5575 
105.25 9662.13 297.276 546.019 9437 57.5775 
105.375 9674.13 297.992 544.768 9425.51 57.5976 
105.5 9686.09 298.717 543.537 9414.04 57.6176 
105.625 9697.99 299.452 542.325 9402.59 57.6376 
105.75 9709.85 300.197 541.132 9391.16 57.6576 
105.875 9721.66 300.952 539.959 9379.75 57.6775 
106 9733.42 301.717 538.805 9368.36 57.6975 
106.125 9745.13 302.492 537.67 9356.99 57.7175 
106.25 9756.8 303.277 536.554 9345.63 57.7374 
106.375 9768.41 304.072 535.458 9334.3 57.7574 
106.5 9779.98 304.877 534.38 9322.99 57.7773 
106.625 9791.49 305.692 533.321 9311.7 57.7972 
106.75 9802.96 306.518 532.282 9300.43 57.8171 
106.875 9814.37 307.353 531.261 9289.17 57.8371 
107 9825.74 308.199 530.259 9277.94 57.857 
107.125 9837.06 309.056 529.276 9266.74 57.8769 
107.25 9848.32 309.922 528.312 9255.55 57.8968 
107.375 9859.54 310.799 527.366 9244.38 57.9167 
107.5 9870.7 311.687 526.439 9233.24 57.9366 
107.625 9881.81 312.585 525.531 9222.12 57.9565 
107.75 9892.87 313.494 524.641 9211.02 57.9764 
107.875 9903.88 314.413 523.77 9199.94 57.9963 
108 9914.84 315.342 522.918 9188.89 58.0162 
108.125 9925.74 316.283 522.084 9177.85 58.0361 
108.25 9936.6 317.234 521.268 9166.85 58.056 
108.375 9947.4 318.196 520.471 9155.86 58.076 
108.5 9958.14 319.168 519.692 9144.9 58.0959 
108.625 9968.84 320.152 518.932 9133.96 58.1158 
108.75 9979.48 321.146 518.19 9123.05 58.1357 
108.875 9990.07 322.152 517.466 9112.16 58.1557 
109 10000.6 323.168 516.761 9101.29 58.1756 
109.125 10011.1 324.196 516.074 9090.45 58.1956 
109.25 10021.5 325.234 515.405 9079.63 58.2155 
109.375 10031.9 326.284 514.754 9068.84 58.2355 
109.5 10042.2 327.345 514.121 9058.08 58.2555 
109.625 10052.5 328.417 513.507 9047.34 58.2755 
109.75 10062.7 329.5 512.911 9036.62 58.2955 
109.875 10072.8 330.595 512.332 9025.93 58.3155 
110 10082.9 331.701 511.772 9015.27 58.3355 
110.125 10093 332.819 511.23 9004.63 58.3555 
110.25 10102.9 333.948 510.706 8994.02 58.3756 
110.375 10112.9 335.089 510.2 8983.44 58.3957 
110.5 10122.8 336.241 509.711 8972.88 58.4157 
110.625 10132.6 337.405 509.241 8962.35 58.4358 
110.75 10142.3 338.581 508.789 8951.85 58.456 
110.875 10152 339.769 508.354 8941.37 58.4761 
111 10161.7 340.968 507.938 8930.92 58.4962 
111.125 10171.3 342.179 507.539 8920.5 58.5164 
111.25 10180.8 343.403 507.159 8910.11 58.5366 
111.375 10190.3 344.638 506.796 8899.75 58.5568 
111.5 10199.7 345.885 506.451 8889.41 58.5771 
111.625 10209 347.145 506.124 8879.11 58.5973 
111.75 10218.3 348.416 505.814 8868.83 58.6176 
111.875 10227.6 349.7 505.523 8858.58 58.6379 
112 10236.7 350.996 505.249 8848.36 58.6582 
112.125 10245.9 352.305 504.993 8838.17 58.6785 
112.25 10254.9 353.626 504.755 8828.01 58.6989 
112.375 10263.9 354.96 504.534 8817.88 58.7193 
112.5 10272.8 356.306 504.332 8807.78 58.7397 
112.625 10281.7 357.664 504.147 8797.71 58.7602 
112.75 10290.5 359.036 503.98 8787.67 58.7807 
112.875 10299.3 360.42 503.83 8777.66 58.8012 
113 10308 361.816 503.699 8767.69 58.8217 
113.125 10316.6 363.226 503.585 8757.74 58.8423 
113.25 10325.2 364.649 503.489 8747.82 58.8629 
113.375 10333.7 366.084 503.41 8737.94 58.8835 
113.5 10342.1 367.533 503.35 8728.09 58.9042 
113.625 10350.5 368.995 503.307 8718.27 58.9249 
113.75 10358.8 370.469 503.282 8708.48 58.9456 
113.875 10367.1 371.957 503.274 8698.72 58.9664 
114 10375.3 373.459 503.284 8689 58.9872 
114.125 10383.4 374.974 503.312 8679.31 59.0081 
114.25 10391.5 376.502 503.358 8669.65 59.0289 
114.375 10399.5 378.043 503.422 8660.03 59.0498 
114.5 10407.4 379.599 503.503 8650.44 59.0708 
114.625 10415.3 381.168 503.602 8640.88 59.0918 
114.75 10423.1 382.75 503.719 8631.36 59.1128 
114.875 10430.8 384.346 503.853 8621.87 59.1339 
115 10438.5 385.956 504.005 8612.42 59.155 
115.125 10446.1 387.58 504.176 8603 59.1762 
115.25 10453.6 389.218 504.363 8593.61 59.1974 
115.375 10461.1 390.87 504.569 8584.26 59.2186 
115.5 10468.5 392.536 504.793 8574.94 59.2399 
115.625 10475.8 394.216 505.034 8565.66 59.2612 
115.75 10483.1 395.911 505.293 8556.42 59.2826 
115.875 10490.3 397.619 505.57 8547.21 59.304 
116 10497.4 399.342 505.865 8538.03 59.3255 
116.125 10504.5 401.08 506.178 8528.9 59.347 
116.25 10511.5 402.832 506.509 8519.8 59.3686 
116.375 10518.4 404.598 506.857 8510.73 59.3902 
116.5 10525.3 406.379 507.224 8501.7 59.4119 
116.625 10532.1 408.175 507.608 8492.71 59.4336 
116.75 10538.8 409.985 508.011 8483.76 59.4554 
116.875 10545.4 411.81 508.431 8474.84 59.4772 
117 10552 413.65 508.87 8465.96 59.4991 
117.125 10558.5 415.505 509.326 8457.12 59.521 
117.25 10565 417.376 509.8 8448.32 59.543 
117.375 10571.3 419.261 510.293 8439.55 59.5651 
117.5 10577.6 421.161 510.803 8430.83 59.5872 
117.625 10583.8 423.077 511.332 8422.14 59.6094 
117.75 10590 425.007 511.879 8413.49 59.6316 
117.875 10596.1 426.953 512.444 8404.88 59.6539 
118 10602.1 428.915 513.027 8396.31 59.6762 
118.125 10608 430.892 513.628 8387.78 59.6986 
118.25 10613.9 432.885 514.248 8379.29 59.7211 
118.375 10619.6 434.893 514.885 8370.84 59.7436 
118.5 10625.3 436.917 515.541 8362.43 59.7662 
118.625 10631 438.956 516.216 8354.06 59.7888 
118.75 10636.5 441.012 516.908 8345.73 59.8115 
118.875 10642 443.083 517.619 8337.44 59.8343 
119 10647.4 445.17 518.349 8329.19 59.8572 
119.125 10652.8 447.273 519.096 8320.98 59.8801 
119.25 10658 449.393 519.863 8312.82 59.9031 
119.375 10663.2 451.528 520.647 8304.69 59.9261 
119.5 10668.3 453.68 521.45 8296.61 59.9493 
119.625 10673.3 455.847 522.272 8288.57 59.9724 
119.75 10678.3 458.031 523.112 8280.57 59.9957 
119.875 10683.2 460.232 523.971 8272.62 60.019 
120 10688 462.449 524.848 8264.71 60.0425 
120.125 10692.7 464.682 525.744 8256.84 60.0659 
120.25 10697.3 466.932 526.659 8249.01 60.0895 
120.375 10701.9 469.199 527.592 8241.23 60.1131 
120.5 10706.3 471.482 528.545 8233.49 60.1369 
120.625 10710.7 473.782 529.515 8225.8 60.1606 
120.75 10715.1 476.099 530.505 8218.15 60.1845 
120.875 10719.3 478.433 531.514 8210.54 60.2085 
121 10723.5 480.783 532.541 8202.98 60.2325 
121.125 10727.5 483.151 533.588 8195.46 60.2566 
121.25 10731.5 485.535 534.653 8187.99 60.2808 
121.375 10735.5 487.937 535.737 8180.56 60.305 
121.5 10739.3 490.356 536.841 8173.18 60.3294 
121.625 10743 492.792 537.963 8165.85 60.3538 
121.75 10746.7 495.245 539.104 8158.56 60.3784 
121.875 10750.3 497.716 540.265 8151.31 60.403 
122 10753.8 500.203 541.445 8144.12 60.4277 
122.125 10757.2 502.709 542.644 8136.96 60.4524 
122.25 10760.6 505.231 543.862 8129.86 60.4773 
122.375 10763.8 507.772 545.1 8122.8 60.5023 
122.5 10767 510.329 546.357 8115.79 60.5273 
122.625 10770.1 512.905 547.633 8108.83 60.5525 
122.75 10773.1 515.498 548.929 8101.92 60.5777 
122.875 10776 518.108 550.244 8095.05 60.603 
123 10778.8 520.736 551.578 8088.23 60.6284 
123.125 10781.6 523.383 552.932 8081.47 60.654 
123.25 10784.2 526.046 554.306 8074.74 60.6796 
123.375 10786.8 528.728 555.699 8068.07 60.7053 
123.5 10789.3 531.428 557.112 8061.45 60.7311 
123.625 10791.7 534.145 558.545 8054.88 60.757 
123.75 10794 536.881 559.997 8048.35 60.783 
123.875 10796.2 539.634 561.469 8041.88 60.8091 
124 10798.3 542.406 562.961 8035.45 60.8353 
124.125 10800.4 545.196 564.473 8029.08 60.8616 
124.25 10802.3 548.003 566.004 8022.76 60.888 
124.375 10804.2 550.829 567.556 8016.48 60.9145 
124.5 10806 553.673 569.127 8010.26 60.9411 
124.625 10807.7 556.535 570.719 8004.09 60.9678 
124.75 10809.3 559.416 572.33 7997.97 60.9946 
124.875 10810.8 562.314 573.962 7991.91 61.0216 
125 10812.2 565.231 575.614 7985.89 61.0486 
125.125 10813.5 568.166 577.286 7979.93 61.0758 
125.25 10814.8 571.119 578.978 7974.02 61.103 
125.375 10815.9 574.091 580.69 7968.16 61.1304 
125.5 10817 577.081 582.423 7962.35 61.1579 
125.625 10817.9 580.09 584.176 7956.6 61.1855 
125.75 10818.8 583.116 585.949 7950.9 61.2132 
125.875 10819.6 586.162 587.743 7945.25 61.241 
126 10820.3 589.225 589.557 7939.66 61.2689 
126.125 10820.9 592.307 591.392 7934.12 61.297 
126.25 10821.4 595.407 593.247 7928.64 61.3252 
126.375 10821.8 598.526 595.122 7923.21 61.3535 
126.5 10822.1 601.663 597.019 7917.84 61.3819 
126.625 10822.3 604.818 598.936 7912.52 61.4104 
126.75 10822.4 607.992 600.873 7907.25 61.439 
126.875 10822.5 611.185 602.832 7902.04 61.4678 
127 10822.4 614.395 604.811 7896.89 61.4967 
127.125 10822.2 617.624 606.811 7891.79 61.5257 
127.25 10822 620.871 608.831 7886.75 61.5549 
127.375 10821.6 624.137 610.873 7881.76 61.5841 
127.5 10821.2 627.421 612.935 7876.84 61.6135 
127.625 10820.7 630.723 615.019 7871.96 61.643 
127.75 10820 634.044 617.123 7867.15 61.6727 
127.875 10819.3 637.383 619.248 7862.39 61.7025 
128 10818.4 640.74 621.395 7857.69 61.7324 
128.125 10817.5 644.115 623.562 7853.05 61.7624 
128.25 10816.5 647.509 625.75 7848.46 61.7926 
128.375 10815.4 650.92 627.96 7843.94 61.8229 
128.5 10814.1 654.35 630.191 7839.47 61.8533 
128.625 10812.8 657.798 632.442 7835.06 61.8839 
128.75 10811.4 661.264 634.715 7830.71 61.9146 
128.875 10809.9 664.748 637.01 7826.41 61.9455 
129 10808.3 668.25 639.325 7822.18 61.9765 
129.125 10806.6 671.769 641.662 7818.01 62.0076 
129.25 10804.7 675.307 644.02 7813.89 62.0388 
129.375 10802.8 678.862 646.4 7809.84 62.0702 
129.5 10800.8 682.435 648.801 7805.85 62.1018 
129.625 10798.7 686.026 651.223 7801.91 62.1335 
129.75 10796.5 689.634 653.666 7798.04 62.1653 
129.875 10794.2 693.26 656.131 7794.23 62.1973 
130 10791.8 696.903 658.618 7790.48 62.2294 
130.125 10789.3 700.564 661.126 7786.79 62.2617 
130.25 10786.6 704.242 663.655 7783.16 62.2941 
130.375 10783.9 707.937 666.206 7779.59 62.3266 
130.5 10781.1 711.65 668.778 7776.09 62.3594 
130.625 10778.2 715.379 671.372 7772.65 62.3922 
130.75 10775.2 719.125 673.988 7769.27 62.4252 
130.875 10772.1 722.889 676.625 7765.95 62.4584 
131 10768.9 726.669 679.283 7762.7 62.4917 
131.125 10765.5 730.466 681.963 7759.5 62.5252 
131.25 10762.1 734.279 684.665 7756.37 62.5588 
131.375 10758.6 738.109 687.388 7753.31 62.5926 
131.5 10755 741.955 690.133 7750.31 62.6265 
131.625 10751.3 745.818 692.9 7747.37 62.6606 
131.75 10747.4 749.696 695.688 7744.5 62.6948 
131.875 10743.5 753.591 698.497 7741.69 62.7292 
132 10739.5 757.501 701.329 7738.94 62.7638 
132.125 10735.3 761.427 704.181 7736.26 62.7985 
132.25 10731.1 765.369 707.056 7733.64 62.8334 
132.375 10726.8 769.327 709.952 7731.09 62.8685 
132.5 10722.3 773.299 712.869 7728.61 62.9037 
132.625 10717.8 777.287 715.809 7726.19 62.9391 
132.75 10713.1 781.29 718.769 7723.83 62.9746 
132.875 10708.4 785.308 721.752 7721.54 63.0103 
133 10703.5 789.341 724.755 7719.32 63.0462 
133.125 10698.6 793.388 727.781 7717.16 63.0822 
133.25 10693.5 797.45 730.828 7715.07 63.1184 
133.375 10688.4 801.526 733.896 7713.05 63.1548 
133.5 10683.1 805.616 736.986 7711.09 63.1914 
133.625 10677.8 809.72 740.097 7709.2 63.2281 
133.75 10672.3 813.837 743.23 7707.37 63.265 
133.875 10666.7 817.969 746.384 7705.62 63.3021 
134 10661.1 822.113 749.559 7703.93 63.3393 
134.125 10655.3 826.271 752.756 7702.3 63.3767 
134.25 10649.4 830.442 755.974 7700.75 63.4143 
134.375 10643.4 834.625 759.214 7699.26 63.4521 
134.5 10637.4 838.822 762.474 7697.85 63.49 
134.625 10631.2 843.03 765.756 7696.5 63.5281 
134.75 10624.9 847.251 769.059 7695.21 63.5664 
134.875 10618.5 851.483 772.383 7694 63.6049 
135 10612 855.728 775.729 7692.86 63.6435 
135.125 10605.5 859.983 779.095 7691.78 63.6824 
135.25 10598.8 864.251 782.482 7690.77 63.7214 
135.375 10592 868.529 785.89 7689.83 63.7606 
135.5 10585.1 872.818 789.319 7688.96 63.8 
135.625 10578.1 877.117 792.769 7688.17 63.8395 
135.75 10571 881.427 796.24 7687.44 63.8793 
135.875 10563.8 885.747 799.731 7686.77 63.9192 
136 10556.5 890.076 803.243 7686.18 63.9594 
136.125 10549.1 894.415 806.775 7685.66 63.9997 
136.25 10541.7 898.764 810.328 7685.21 64.0402 
136.375 10534.1 903.121 813.902 7684.83 64.0808 
136.5 10526.4 907.488 817.495 7684.52 64.1217 
136.625 10518.6 911.862 821.109 7684.28 64.1628 
136.75 10510.7 916.245 824.744 7684.11 64.204 
136.875 10502.7 920.636 828.398 7684.01 64.2455 
137 10494.6 925.034 832.073 7683.98 64.2871 
137.125 10486.4 929.44 835.767 7684.02 64.3289 
137.25 10478.2 933.852 839.481 7684.14 64.371 
137.375 10469.8 938.272 843.215 7684.32 64.4132 
137.5 10461.3 942.698 846.969 7684.58 64.4556 
137.625 10452.7 947.13 850.742 7684.9 64.4982 
137.75 10444.1 951.567 854.535 7685.3 64.541 
137.875 10435.3 956.01 858.347 7685.77 64.584 
138 10426.4 960.459 862.178 7686.31 64.6272 
138.125 10417.5 964.912 866.029 7686.92 64.6705 
138.25 10408.4 969.369 869.898 7687.6 64.7141 
138.375 10399.3 973.831 873.787 7688.36 64.7579 
138.5 10390 978.297 877.694 7689.18 64.8019 
138.625 10380.7 982.766 881.62 7690.08 64.8461 
138.75 10371.3 987.238 885.564 7691.05 64.8904 
138.875 10361.7 991.713 889.527 7692.09 64.935 
139 10352.1 996.19 893.508 7693.2 64.9798 
139.125 10342.4 1000.67 897.508 7694.39 65.0248 
139.25 10332.6 1005.15 901.525 7695.64 65.07 
139.375 10322.7 1009.63 905.561 7696.97 65.1153 
139.5 10312.7 1014.12 909.614 7698.37 65.1609 
139.625 10302.7 1018.6 913.684 7699.84 65.2067 
139.75 10292.5 1023.08 917.773 7701.39 65.2527 
139.875 10282.3 1027.57 921.878 7703 65.2989 
140 10271.9 1032.05 926.001 7704.69 65.3453 
140.125 10261.5 1036.54 930.14 7706.45 65.3919 
140.25 10251 1041.02 934.297 7708.28 65.4387 
140.375 10240.4 1045.5 938.47 7710.18 65.4857 
140.5 10229.7 1049.97 942.66 7712.16 65.5329 
140.625 10218.9 1054.45 946.865 7714.21 65.5804 
140.75 10208 1058.92 951.088 7716.32 65.628 
140.875 10197.1 1063.39 955.326 7718.52 65.6758 
141 10186.1 1067.85 959.579 7720.78 65.7239 
141.125 10175 1072.31 963.849 7723.11 65.7721 
141.25 10163.8 1076.77 968.134 7725.52 65.8206 
141.375 10152.5 1081.22 972.434 7728 65.8693 
141.5 10141.1 1085.67 976.749 7730.55 65.9182 
141.625 10129.7 1090.11 981.079 7733.17 65.9672 
141.75 10118.2 1094.54 985.424 7735.86 66.0165 
141.875 10106.6 1098.97 989.783 7738.62 66.066 
142 10094.9 1103.39 994.156 7741.46 66.1157 
142.125 10083.1 1107.8 998.543 7744.36 66.1657 
142.25 10071.3 1112.21 1002.94 7747.34 66.2158 
142.375 10059.4 1116.6 1007.36 7750.39 66.2661 
142.5 10047.4 1120.99 1011.79 7753.51 66.3167 
142.625 10035.3 1125.37 1016.23 7756.7 66.3674 
142.75 10023.2 1129.74 1020.68 7759.96 66.4184 
142.875 10011 1134.09 1025.15 7763.29 66.4696 
143 9998.72 1138.44 1029.63 7766.69 66.521 
143.125 9986.36 1142.78 1034.12 7770.17 66.5726 
143.25 9973.94 1147.1 1038.62 7773.71 66.6244 
143.375 9961.45 1151.42 1043.14 7777.32 66.6764 
143.5 9948.89 1155.72 1047.66 7781 66.7286 
143.625 9936.26 1160 1052.2 7784.76 66.781 
143.75 9923.56 1164.28 1056.75 7788.58 66.8337 
143.875 9910.79 1168.54 1061.31 7792.47 66.8865 
144 9897.96 1172.79 1065.88 7796.43 66.9396 
144.125 9885.07 1177.02 1070.46 7800.46 66.9929 
144.25 9872.11 1181.23 1075.05 7804.56 67.0464 
144.375 9859.09 1185.44 1079.65 7808.73 67.1 
144.5 9846 1189.62 1084.26 7812.96 67.1539 
144.625 9832.86 1193.79 1088.88 7817.27 67.208 
144.75 9819.65 1197.94 1093.51 7821.64 67.2624 
144.875 9806.39 1202.07 1098.14 7826.08 67.3169 
145 9793.06 1206.19 1102.78 7830.59 67.3716 
145.125 9779.68 1210.29 1107.44 7835.17 67.4266 
145.25 9766.24 1214.37 1112.1 7839.81 67.4817 
145.375 9752.75 1218.43 1116.76 7844.52 67.5371 
145.5 9739.2 1222.47 1121.44 7849.3 67.5926 
145.625 9725.6 1226.49 1126.12 7854.14 67.6484 
145.75 9711.95 1230.49 1130.81 7859.05 67.7044 
145.875 9698.25 1234.47 1135.5 7864.03 67.7606 
146 9684.49 1238.42 1140.2 7869.07 67.8169 
146.125 9670.69 1242.36 1144.9 7874.18 67.8735 
146.25 9656.83 1246.27 1149.62 7879.35 67.9303 
146.375 9642.93 1250.16 1154.33 7884.59 67.9873 
146.5 9628.99 1254.03 1159.05 7889.89 68.0445 
146.625 9615 1257.87 1163.78 7895.26 68.102 
146.75 9600.96 1261.69 1168.5 7900.69 68.1596 
146.875 9586.88 1265.48 1173.24 7906.18 68.2174 
147 9572.76 1269.25 1177.97 7911.74 68.2754 
147.125 9558.6 1272.99 1182.71 7917.36 68.3336 
147.25 9544.4 1276.71 1187.45 7923.05 68.3921 
147.375 9530.16 1280.4 1192.2 7928.79 68.4507 
147.5 9515.88 1284.07 1196.94 7934.6 68.5095 
147.625 9501.57 1287.7 1201.69 7940.47 68.5685 
147.75 9487.22 1291.31 1206.44 7946.4 68.6277 
147.875 9472.83 1294.89 1211.19 7952.4 68.6872 
148 9458.42 1298.45 1215.94 7958.45 68.7468 
148.125 9443.97 1301.97 1220.69 7964.57 68.8066 
148.25 9429.49 1305.47 1225.44 7970.74 68.8666 
148.375 9414.98 1308.93 1230.19 7976.97 68.9268 
148.5 9400.44 1312.37 1234.94 7983.27 68.9872 
148.625 9385.87 1315.77 1239.69 7989.62 69.0478 
148.75 9371.28 1319.14 1244.44 7996.03 69.1086 
148.875 9356.66 1322.49 1249.18 8002.5 69.1696 
149 9342.02 1325.8 1253.93 8009.02 69.2307 
149.125 9327.36 1329.08 1258.67 8015.61 69.2921 
149.25 9312.67 1332.32 1263.4 8022.25 69.3537 
149.375 9297.97 1335.54 1268.14 8028.94 69.4154 
149.5 9283.24 1338.72 1272.87 8035.69 69.4773 
149.625 9268.5 1341.86 1277.6 8042.5 69.5394 
149.75 9253.74 1344.98 1282.32 8049.37 69.6017 
149.875 9238.96 1348.06 1287.04 8056.28 69.6642 
150 9224.17 1351.1 1291.75 8063.25 69.7269 
150.125 9209.36 1354.11 1296.46 8070.28 69.7898 
150.25 9194.54 1357.08 1301.16 8077.36 69.8528 
150.375 9179.71 1360.02 1305.86 8084.49 69.916 
150.5 9164.87 1362.92 1310.55 8091.67 69.9794 
150.625 9150.03 1365.79 1315.23 8098.91 70.043 
150.75 9135.17 1368.62 1319.91 8106.2 70.1068 
150.875 9120.31 1371.41 1324.58 8113.53 70.1707 
151 9105.44 1374.17 1329.24 8120.92 70.2348 
151.125 9090.57 1376.89 1333.89 8128.36 70.2991 
151.25 9075.69 1379.57 1338.53 8135.85 70.3636 
151.375 9060.81 1382.21 1343.16 8143.38 70.4282 
151.5 9045.94 1384.81 1347.79 8150.97 70.493 
151.625 9031.06 1387.38 1352.4 8158.6 70.558 
151.75 9016.18 1389.91 1357.01 8166.28 70.6232 
151.875 9001.31 1392.39 1361.6 8174 70.6885 
152 8986.44 1394.84 1366.18 8181.78 70.754 
152.125 8971.58 1397.25 1370.76 8189.6 70.8197 
152.25 8956.72 1399.62 1375.32 8197.46 70.8855 
152.375 8941.87 1401.95 1379.86 8205.37 70.9515 
152.5 8927.03 1404.24 1384.4 8213.32 71.0176 
152.625 8912.19 1406.49 1388.92 8221.32 71.0839 
152.75 8897.37 1408.69 1393.43 8229.35 71.1504 
152.875 8882.56 1410.86 1397.93 8237.43 71.217 
153 8867.77 1412.98 1402.41 8245.56 71.2838 
153.125 8852.98 1415.07 1406.88 8253.72 71.3507 
153.25 8838.22 1417.11 1411.33 8261.93 71.4178 
153.375 8823.47 1419.11 1415.77 8270.17 71.4851 
153.5 8808.73 1421.07 1420.19 8278.46 71.5525 
153.625 8794.02 1422.98 1424.6 8286.78 71.62 
153.75 8779.33 1424.86 1428.99 8295.14 71.6877 
153.875 8764.65 1426.69 1433.36 8303.54 71.7556 
154 8750 1428.48 1437.72 8311.98 71.8236 
154.125 8735.37 1430.22 1442.06 8320.45 71.8917 
154.25 8720.77 1431.93 1446.38 8328.96 71.96 
154.375 8706.19 1433.59 1450.69 8337.51 72.0285 
154.5 8691.63 1435.21 1454.97 8346.09 72.097 
154.625 8677.11 1436.78 1459.24 8354.7 72.1657 
154.75 8662.61 1438.31 1463.49 8363.35 72.2346 
154.875 8648.14 1439.8 1467.72 8372.03 72.3036 
155 8633.71 1441.25 1471.93 8380.74 72.3727 
155.125 8619.3 1442.65 1476.12 8389.49 72.4419 
155.25 8604.93 1444 1480.29 8398.26 72.5113 
155.375 8590.59 1445.32 1484.44 8407.07 72.5808 
155.5 8576.28 1446.59 1488.57 8415.91 72.6505 
155.625 8562.02 1447.82 1492.68 8424.77 72.7203 
155.75 8547.78 1449 1496.76 8433.66 72.7902 
155.875 8533.59 1450.14 1500.83 8442.59 72.8602 
156 8519.43 1451.23 1504.87 8451.54 72.9303 
156.125 8505.31 1452.28 1508.89 8460.51 73.0006 
156.25 8491.24 1453.29 1512.88 8469.51 73.071 
156.375 8477.2 1454.26 1516.86 8478.54 73.1415 
156.5 8463.21 1455.18 1520.81 8487.6 73.2121 
156.625 8449.26 1456.05 1524.73 8496.67 73.2828 
156.75 8435.36 1456.89 1528.63 8505.77 73.3537 
156.875 8421.5 1457.67 1532.51 8514.9 73.4246 
157 8407.68 1458.42 1536.36 8524.04 73.4957 
157.125 8393.92 1459.12 1540.19 8533.21 73.5669 
157.25 8380.2 1459.78 1543.99 8542.4 73.6382 
157.375 8366.53 1460.39 1547.76 8551.6 73.7096 
157.5 8352.91 1460.97 1551.51 8560.83 73.7811 
157.625 8339.34 1461.49 1555.24 8570.08 73.8527 
157.75 8325.82 1461.98 1558.93 8579.34 73.9244 
157.875 8312.36 1462.42 1562.6 8588.63 73.9961 
158 8298.94 1462.82 1566.24 8597.93 74.068 
158.125 8285.59 1463.17 1569.86 8607.24 74.14 
158.25 8272.28 1463.48 1573.45 8616.58 74.2121 
158.375 8259.03 1463.75 1577.01 8625.92 74.2843 
158.5 8245.84 1463.98 1580.54 8635.29 74.3565 
158.625 8232.71 1464.16 1584.04 8644.66 74.4289 
158.75 8219.63 1464.3 1587.52 8654.05 74.5013 
158.875 8206.61 1464.4 1590.96 8663.45 74.5738 
159 8193.65 1464.46 1594.38 8672.87 74.6464 
159.125 8180.75 1464.47 1597.77 8682.29 74.7191 
159.25 8167.91 1464.44 1601.12 8691.73 74.7919 
159.375 8155.14 1464.37 1604.45 8701.17 74.8647 
159.5 8142.42 1464.26 1607.75 8710.63 74.9377 
159.625 8129.77 1464.11 1611.02 8720.09 75.0107 
159.75 8117.19 1463.92 1614.25 8729.56 75.0837 
159.875 8104.66 1463.68 1617.46 8739.04 75.1569 
160 8092.2 1463.41 1620.63 8748.52 75.2301 
160.125 8079.81 1463.09 1623.78 8758.02 75.3034 
160.25 8067.49 1462.74 1626.89 8767.51 75.3767 
160.375 8055.23 1462.34 1629.97 8777.01 75.4501 
160.5 8043.03 1461.91 1633.02 8786.52 75.5236 
160.625 8030.91 1461.43 1636.03 8796.03 75.5971 
160.75 8018.86 1460.91 1639.02 8805.54 75.6707 
160.875 8006.87 1460.36 1641.97 8815.06 75.7444 
161 7994.96 1459.77 1644.89 8824.57 75.8181 
161.125 7983.11 1459.13 1647.77 8834.09 75.8918 
161.25 7971.34 1458.46 1650.63 8843.61 75.9656 
161.375 7959.64 1457.75 1653.45 8853.12 76.0395 
161.5 7948.01 1457.01 1656.24 8862.64 76.1134 
161.625 7936.45 1456.22 1658.99 8872.15 76.1874 
161.75 7924.96 1455.4 1661.71 8881.67 76.2614 
161.875 7913.55 1454.54 1664.4 8891.18 76.3354 
162 7902.22 1453.64 1667.05 8900.68 76.4095 
162.125 7890.96 1452.71 1669.67 8910.19 76.4837 
162.25 7879.77 1451.74 1672.25 8919.68 76.5578 
162.375 7868.66 1450.73 1674.8 8929.18 76.6321 
162.5 7857.62 1449.69 1677.32 8938.67 76.7063 
162.625 7846.66 1448.61 1679.8 8948.15 76.7806 
162.75 7835.78 1447.5 1682.25 8957.62 76.8549 
162.875 7824.98 1446.35 1684.66 8967.09 76.9292 
163 7814.25 1445.17 1687.04 8976.54 77.0036 
163.125 7803.6 1443.95 1689.38 8985.99 77.078 
163.25 7793.03 1442.7 1691.69 8995.43 77.1524 
163.375 7782.54 1441.41 1693.96 9004.86 77.2269 
163.5 7772.13 1440.1 1696.19 9014.28 77.3014 
163.625 7761.79 1438.74 1698.4 9023.69 77.3759 
163.75 7751.54 1437.36 1700.56 9033.09 77.4504 
163.875 7741.37 1435.94 1702.69 9042.47 77.5249 
164 7731.27 1434.49 1704.79 9051.84 77.5995 
164.125 7721.26 1433.01 1706.85 9061.2 77.674 
164.25 7711.33 1431.5 1708.87 9070.55 77.7486 
164.375 7701.48 1429.96 1710.86 9079.88 77.8232 
164.5 7691.71 1428.39 1712.81 9089.19 77.8978 
164.625 7682.03 1426.78 1714.73 9098.49 77.9724 
164.75 7672.42 1425.15 1716.61 9107.77 78.047 
164.875 7662.9 1423.48 1718.45 9117.04 78.1216 
165 7653.46 1421.79 1720.26 9126.29 78.1962 
165.125 7644.11 1420.07 1722.03 9135.52 78.2709 
165.25 7634.83 1418.32 1723.77 9144.73 78.3455 
165.375 7625.64 1416.54 1725.47 9153.93 78.4201 
165.5 7616.54 1414.73 1727.14 9163.1 78.4947 
165.625 7607.52 1412.89 1728.76 9172.26 78.5693 
165.75 7598.58 1411.03 1730.36 9181.39 78.644 
165.875 7589.72 1409.14 1731.91 9190.51 78.7186 
166 7580.95 1407.22 1733.43 9199.6 78.7932 
166.125 7572.26 1405.28 1734.92 9208.67 78.8677 
166.25 7563.66 1403.31 1736.36 9217.72 78.9423 
166.375 7555.14 1401.32 1737.78 9226.74 79.0169 
166.5 7546.71 1399.3 1739.15 9235.75 79.0914 
166.625 7538.36 1397.26 1740.49 9244.72 79.1659 
166.75 7530.1 1395.19 1741.8 9253.68 79.2405 
166.875 7521.92 1393.1 1743.06 9262.61 79.3149 
167 7513.83 1390.98 1744.29 9271.51 79.3894 
167.125 7505.82 1388.84 1745.49 9280.39 79.4639 
167.25 7497.89 1386.68 1746.65 9289.24 79.5383 
167.375 7490.05 1384.49 1747.78 9298.06 79.6127 
167.5 7482.3 1382.29 1748.86 9306.86 79.6871 
167.625 7474.63 1380.06 1749.92 9315.63 79.7614 
167.75 7467.05 1377.81 1750.93 9324.37 79.8357 
167.875 7459.55 1375.53 1751.91 9333.09 79.91 
168 7452.14 1373.24 1752.86 9341.77 79.9843 
168.125 7444.82 1370.93 1753.77 9350.43 80.0585 
168.25 7437.57 1368.59 1754.65 9359.05 80.1327 
168.375 7430.42 1366.24 1755.49 9367.65 80.2069 
168.5 7423.35 1363.87 1756.29 9376.21 80.281 
168.625 7416.36 1361.48 1757.06 9384.75 80.3551 
168.75 7409.46 1359.07 1757.79 9393.25 80.4291 
168.875 7402.65 1356.64 1758.49 9401.72 80.5031 
169 7395.92 1354.19 1759.16 9410.16 80.5771 
169.125 7389.27 1351.73 1759.78 9418.56 80.651 
169.25 7382.72 1349.25 1760.38 9426.93 80.7249 
169.375 7376.24 1346.75 1760.94 9435.27 80.7987 
169.5 7369.85 1344.23 1761.46 9443.58 80.8725 
169.625 7363.55 1341.7 1761.96 9451.85 80.9462 
169.75 7357.33 1339.16 1762.41 9460.08 81.0199 
169.875 7351.19 1336.6 1762.83 9468.28 81.0935 
170 7345.14 1334.02 1763.22 9476.45 81.1671 
170.125 7339.18 1331.43 1763.58 9484.58 81.2407 
170.25 7333.29 1328.82 1763.9 9492.67 81.3141 
170.375 7327.5 1326.2 1764.18 9500.73 81.3876 
170.5 7321.78 1323.56 1764.44 9508.75 81.4609 
170.625 7316.15 1320.92 1764.66 9516.74 81.5342 
170.75 7310.61 1318.26 1764.84 9524.68 81.6075 
170.875 7305.15 1315.58 1765 9532.59 81.6807 
171 7299.77 1312.9 1765.12 9540.46 81.7538 
171.125 7294.47 1310.2 1765.21 9548.3 81.8269 
171.25 7289.26 1307.49 1765.26 9556.09 81.8999 
171.375 7284.13 1304.77 1765.28 9563.84 81.9728 
171.5 7279.09 1302.03 1765.27 9571.56 82.0457 
171.625 7274.13 1299.29 1765.23 9579.24 82.1185 
171.75 7269.25 1296.54 1765.16 9586.87 82.1913 
171.875 7264.45 1293.77 1765.05 9594.47 82.2639 
172 7259.73 1291 1764.91 9602.02 82.3366 
172.125 7255.1 1288.21 1764.74 9609.54 82.4091 
172.25 7250.55 1285.42 1764.54 9617.01 82.4816 
172.375 7246.07 1282.62 1764.31 9624.44 82.554 
172.5 7241.69 1279.81 1764.04 9631.84 82.6263 
172.625 7237.38 1276.99 1763.75 9639.18 82.6985 
172.75 7233.15 1274.17 1763.42 9646.49 82.7707 
172.875 7229 1271.33 1763.06 9653.76 82.8428 
173 7224.94 1268.49 1762.68 9660.98 82.9149 
173.125 7220.95 1265.64 1762.26 9668.16 82.9868 
173.25 7217.04 1262.79 1761.81 9675.29 83.0587 
173.375 7213.22 1259.93 1761.34 9682.39 83.1305 
173.5 7209.47 1257.06 1760.83 9689.44 83.2022 
173.625 7205.8 1254.19 1760.29 9696.44 83.2738 
173.75 7202.22 1251.31 1759.73 9703.4 83.3454 
173.875 7198.71 1248.42 1759.13 9710.32 83.4168 
174 7195.27 1245.53 1758.51 9717.2 83.4882 
174.125 7191.92 1242.64 1757.86 9724.02 83.5595 
174.25 7188.64 1239.74 1757.18 9730.81 83.6307 
174.375 7185.45 1236.84 1756.47 9737.55 83.7019 
174.5 7182.33 1233.93 1755.73 9744.24 83.7729 
174.625 7179.28 1231.02 1754.96 9750.89 83.8439 
174.75 7176.32 1228.11 1754.17 9757.49 83.9148 
174.875 7173.43 1225.19 1753.35 9764.05 83.9855 
175 7170.61 1222.27 1752.5 9770.56 84.0562 
175.125 7167.87 1219.35 1751.63 9777.03 84.1268 
175.25 7165.21 1216.42 1750.72 9783.44 84.1974 
175.375 7162.62 1213.49 1749.8 9789.82 84.2678 
175.5 7160.11 1210.57 1748.84 9796.14 84.3381 
175.625 7157.68 1207.63 1747.86 9802.42 84.4083 
175.75 7155.31 1204.7 1746.85 9808.65 84.4785 
175.875 7153.02 1201.77 1745.82 9814.84 84.5485 
176 7150.81 1198.84 1744.76 9820.98 84.6185 
176.125 7148.67 1195.9 1743.67 9827.07 84.6884 
176.25 7146.6 1192.97 1742.56 9833.11 84.7581 
176.375 7144.6 1190.03 1741.43 9839.11 84.8278 
176.5 7142.68 1187.1 1740.27 9845.06 84.8974 
176.625 7140.83 1184.16 1739.09 9850.96 84.9668 
176.75 7139.05 1181.23 1737.88 9856.81 85.0362 
176.875 7137.34 1178.29 1736.64 9862.61 85.1055 
177 7135.71 1175.36 1735.39 9868.37 85.1747 
177.125 7134.14 1172.43 1734.11 9874.08 85.2437 
177.25 7132.65 1169.5 1732.8 9879.74 85.3127 
177.375 7131.22 1166.57 1731.48 9885.35 85.3816 
177.5 7129.87 1163.64 1730.13 9890.91 85.4504 
177.625 7128.59 1160.72 1728.75 9896.43 85.5191 
177.75 7127.37 1157.79 1727.36 9901.89 85.5876 
177.875 7126.22 1154.87 1725.94 9907.31 85.6561 
178 7125.14 1151.95 1724.5 9912.68 85.7245 
178.125 7124.13 1149.04 1723.04 9918 85.7927 
178.25 7123.19 1146.13 1721.56 9923.27 85.8609 
178.375 7122.32 1143.22 1720.05 9928.49 85.9289 
178.5 7121.51 1140.31 1718.52 9933.66 85.9969 
178.625 7120.77 1137.41 1716.98 9938.78 86.0647 
178.75 7120.09 1134.51 1715.41 9943.86 86.1325 
178.875 7119.49 1131.61 1713.82 9948.88 86.2001 
179 7118.94 1128.72 1712.21 9953.86 86.2676 
179.125 7118.47 1125.83 1710.58 9958.78 86.335 
179.25 7118.05 1122.95 1708.93 9963.66 86.4023 
179.375 7117.71 1120.07 1707.26 9968.49 86.4695 
179.5 7117.42 1117.2 1705.58 9973.26 86.5366 
179.625 7117.2 1114.33 1703.87 9977.99 86.6036 
179.75 7117.05 1111.47 1702.14 9982.67 86.6705 
179.875 7116.95 1108.61 1700.4 9987.3 86.7373 
180 7116.93 1105.76 1698.64 9991.88 86.8039 
180.125 7116.96 1102.91 1696.85 9996.41 86.8705 
180.25 7117.05 1100.07 1695.05 10000.9 86.9369 
180.375 7117.21 1097.23 1693.24 10005.3 87.0032 
180.5 7117.43 1094.4 1691.4 10009.7 87.0695 
180.625 7117.71 1091.58 1689.55 10014 87.1356 
180.75 7118.05 1088.76 1687.68 10018.3 87.2016 
180.875 7118.45 1085.95 1685.79 10022.5 87.2674 
181 7118.91 1083.14 1683.89 10026.7 87.3332 
181.125 7119.43 1080.35 1681.97 10030.9 87.3989 
181.25 7120 1077.55 1680.03 10034.9 87.4644 
181.375 7120.64 1074.77 1678.08 10039 87.5298 
181.5 7121.34 1071.99 1676.11 10043 87.5952 
181.625 7122.09 1069.22 1674.13 10046.9 87.6604 
181.75 7122.9 1066.46 1672.13 10050.8 87.7255 
181.875 7123.77 1063.7 1670.12 10054.6 87.7905 
182 7124.7 1060.95 1668.09 10058.4 87.8553 
182.125 7125.68 1058.21 1666.04 10062.1 87.9201 
182.25 7126.72 1055.48 1663.98 10065.8 87.9847 
182.375 7127.81 1052.75 1661.91 10069.5 88.0493 
182.5 7128.96 1050.03 1659.82 10073.1 88.1137 
182.625 7130.17 1047.33 1657.72 10076.6 88.178 
182.75 7131.43 1044.62 1655.61 10080.1 88.2422 
182.875 7132.74 1041.93 1653.48 10083.5 88.3062 
183 7134.11 1039.25 1651.34 10086.9 88.3702 
183.125 7135.53 1036.57 1649.19 10090.3 88.434 
183.25 7137.01 1033.9 1647.02 10093.6 88.4978 
183.375 7138.54 1031.24 1644.84 10096.8 88.5614 
183.5 7140.12 1028.59 1642.65 10100 88.6249 
183.625 7141.75 1025.95 1640.45 10103.2 88.6882 
183.75 7143.44 1023.32 1638.23 10106.3 88.7515 
183.875 7145.17 1020.69 1636 10109.3 88.8147 
184 7146.96 1018.08 1633.76 10112.3 88.8777 
184.125 7148.8 1015.47 1631.51 10115.3 88.9406 
184.25 7150.69 1012.88 1629.25 10118.2 89.0034 
184.375 7152.62 1010.29 1626.98 10121 89.0661 
184.5 7154.61 1007.71 1624.7 10123.8 89.1287 
184.625 7156.65 1005.15 1622.4 10126.6 89.1912 
184.75 7158.74 1002.59 1620.1 10129.3 89.2535 
184.875 7160.87 1000.04 1617.79 10132 89.3157 
185 7163.05 997.499 1615.46 10134.6 89.3779 
185.125 7165.28 994.97 1613.13 10137.2 89.4399 
185.25 7167.56 992.45 1610.79 10139.7 89.5017 
185.375 7169.88 989.94 1608.43 10142.2 89.5635 
185.5 7172.26 987.441 1606.07 10144.6 89.6252 
185.625 7174.67 984.951 1603.7 10147 89.6867 
185.75 7177.14 982.471 1601.33 10149.3 89.7481 
185.875 7179.65 980.002 1598.94 10151.6 89.8094 
186 7182.2 977.543 1596.54 10153.8 89.8706 
186.125 7184.8 975.094 1594.14 10156 89.9317 
186.25 7187.44 972.655 1591.73 10158.2 89.9926 
186.375 7190.13 970.227 1589.31 10160.3 90.0535 
186.5 7192.86 967.809 1586.88 10162.3 90.1142 
186.625 7195.64 965.402 1584.45 10164.3 90.1748 
186.75 7198.46 963.005 1582.01 10166.3 90.2353 
186.875 7201.32 960.618 1579.56 10168.2 90.2957 
187 7204.22 958.243 1577.11 10170.1 90.356 
187.125 7207.16 955.878 1574.64 10171.9 90.4161 
187.25 7210.15 953.523 1572.18 10173.7 90.4762 
187.375 7213.18 951.18 1569.7 10175.4 90.5361 
187.5 7216.25 948.847 1567.22 10177.1 90.5959 
187.625 7219.36 946.525 1564.74 10178.7 90.6556 
187.75 7222.51 944.214 1562.25 10180.3 90.7152 
187.875 7225.7 941.913 1559.75 10181.9 90.7747 
188 7228.93 939.624 1557.25 10183.4 90.834 
188.125 7232.19 937.346 1554.74 10184.8 90.8933 
188.25 7235.5 935.078 1552.23 10186.2 90.9524 
188.375 7238.85 932.822 1549.71 10187.6 91.0114 
188.5 7242.23 930.576 1547.19 10188.9 91.0703 
188.625 7245.65 928.342 1544.66 10190.2 91.1291 
188.75 7249.11 926.119 1542.13 10191.5 91.1878 
188.875 7252.61 923.907 1539.6 10192.6 91.2463 
189 7256.14 921.706 1537.06 10193.8 91.3048 
189.125 7259.71 919.517 1534.51 10194.9 91.3631 
189.25 7263.31 917.338 1531.97 10196 91.4214 
189.375 7266.95 915.171 1529.42 10197 91.4795 
189.5 7270.63 913.015 1526.87 10198 91.5375 
189.625 7274.34 910.871 1524.31 10198.9 91.5954 
189.75 7278.09 908.738 1521.75 10199.8 91.6531 
189.875 7281.87 906.616 1519.19 10200.6 91.7108 
190 7285.68 904.505 1516.63 10201.4 91.7684 
190.125 7289.53 902.406 1514.06 10202.2 91.8258 
190.25 7293.41 900.318 1511.49 10202.9 91.8831 
190.375 7297.32 898.241 1508.92 10203.6 91.9404 
190.5 7301.27 896.176 1506.35 10204.2 91.9975 
190.625 7305.25 894.122 1503.77 10204.8 92.0545 
190.75 7309.26 892.08 1501.19 10205.4 92.1114 
190.875 7313.3 890.049 1498.62 10205.9 92.1682 
191 7317.38 888.03 1496.04 10206.3 92.2248 
191.125 7321.48 886.022 1493.45 10206.8 92.2814 
191.25 7325.62 884.025 1490.87 10207.1 92.3379 
191.375 7329.78 882.04 1488.29 10207.5 92.3942 
191.5 7333.98 880.066 1485.7 10207.8 92.4505 
191.625 7338.21 878.104 1483.12 10208.1 92.5066 
191.75 7342.46 876.154 1480.53 10208.3 92.5626 
191.875 7346.75 874.215 1477.95 10208.5 92.6185 
192 7351.06 872.287 1475.36 10208.6 92.6743 
192.125 7355.4 870.371 1472.78 10208.7 92.73 
192.25 7359.77 868.466 1470.19 10208.8 92.7856 
192.375 7364.17 866.573 1467.6 10208.8 92.8411 
192.5 7368.59 864.691 1465.02 10208.8 92.8965 
192.625 7373.05 862.821 1462.43 10208.7 92.9518 
192.75 7377.52 860.963 1459.85 10208.7 93.0069 
192.875 7382.03 859.116 1457.26 10208.5 93.062 
193 7386.56 857.28 1454.68 10208.4 93.117 
193.125 7391.12 855.456 1452.1 10208.2 93.1718 
193.25 7395.7 853.643 1449.52 10207.9 93.2266 
193.375 7400.31 851.842 1446.94 10207.6 93.2812 
193.5 7404.95 850.052 1444.36 10207.3 93.3358 
193.625 7409.6 848.274 1441.78 10206.9 93.3902 
193.75 7414.29 846.507 1439.21 10206.6 93.4445 
193.875 7418.99 844.752 1436.63 10206.1 93.4988 
194 7423.72 843.008 1434.06 10205.7 93.5529 
194.125 7428.48 841.276 1431.49 10205.1 93.6069 
194.25 7433.26 839.555 1428.92 10204.6 93.6609 
194.375 7438.06 837.846 1426.35 10204 93.7147 
194.5 7442.88 836.148 1423.79 10203.4 93.7684 
194.625 7447.72 834.461 1421.23 10202.8 93.822 
194.75 7452.59 832.786 1418.67 10202.1 93.8755 
194.875 7457.48 831.122 1416.11 10201.4 93.929 
195 7462.39 829.47 1413.56 10200.6 93.9823 
195.125 7467.32 827.829 1411.01 10199.8 94.0355 
195.25 7472.27 826.2 1408.46 10199 94.0886 
195.375 7477.24 824.581 1405.92 10198.1 94.1417 
195.5 7482.23 822.975 1403.37 10197.2 94.1946 
195.625 7487.25 821.379 1400.84 10196.3 94.2474 
195.75 7492.28 819.795 1398.3 10195.3 94.3001 
195.875 7497.33 818.222 1395.77 10194.3 94.3528 
196 7502.4 816.66 1393.24 10193.3 94.4053 
196.125 7507.49 815.11 1390.72 10192.2 94.4577 
196.25 7512.6 813.571 1388.2 10191.1 94.5101 
196.375 7517.72 812.043 1385.68 10190 94.5623 
196.5 7522.87 810.527 1383.17 10188.8 94.6145 
196.625 7528.03 809.021 1380.66 10187.6 94.6665 
196.75 7533.2 807.527 1378.15 10186.4 94.7185 
196.875 7538.4 806.044 1375.65 10185.1 94.7703 
197 7543.61 804.572 1373.16 10183.8 94.8221 
197.125 7548.84 803.112 1370.67 10182.5 94.8738 
197.25 7554.09 801.662 1368.18 10181.1 94.9253 
197.375 7559.35 800.224 1365.7 10179.8 94.9768 
197.5 7564.62 798.797 1363.22 10178.3 95.0282 
197.625 7569.91 797.381 1360.75 10176.9 95.0795 
197.75 7575.22 795.976 1358.28 10175.4 95.1307 
197.875 7580.54 794.582 1355.82 10173.9 95.1818 
198 7585.88 793.199 1353.36 10172.3 95.2329 
198.125 7591.23 791.827 1350.91 10170.7 95.2838 
198.25 7596.6 790.466 1348.46 10169.1 95.3346 
198.375 7601.97 789.116 1346.02 10167.5 95.3854 
198.5 7607.37 787.777 1343.59 10165.8 95.4361 
198.625 7612.77 786.448 1341.15 10164.1 95.4866 
198.75 7618.19 785.131 1338.73 10162.4 95.5371 
198.875 7623.62 783.825 1336.31 10160.7 95.5875 
199 7629.06 782.53 1333.9 10158.9 95.6378 
199.125 7634.52 781.245 1331.49 10157.1 95.688 
199.25 7639.99 779.971 1329.09 10155.2 95.7382 
199.375 7645.47 778.708 1326.69 10153.3 95.7882 
199.5 7650.96 777.456 1324.3 10151.4 95.8382 
199.625 7656.46 776.215 1321.92 10149.5 95.8881 
199.75 7661.97 774.984 1319.54 10147.6 95.9378 
199.875 7667.49 773.765 1317.17 10145.6 95.9875 
200 7673.03 772.555 1314.8 10143.6 96.0372 
