0 100 5 0 0 0 
0.025 99.9403 5.034 0 0.0250847 0.000627119 
0.05 99.8802 5.06819 0 0.05034 0.0012585 
0.075 99.8198 5.10257 0 0.0757666 0.00189417 
0.1 99.7589 5.13716 0 0.101366 0.00253414 
0.125 99.6977 5.17194 0 0.127138 0.00317846 
0.15 99.6362 5.20692 0 0.153085 0.00382713 
0.175 99.5742 5.2421 0 0.179207 0.00448019 
0.2 99.5119 5.27747 0 0.205506 0.00513765 
0.225 99.4492 5.31305 0 0.231982 0.00579955 
0.25 99.3861 5.34883 0 0.258637 0.00646591 
0.275 99.3226 5.3848 0 0.28547 0.00713676 
0.3 99.2587 5.42098 0 0.312485 0.00781212 
0.325 99.1945 5.45736 0 0.33968 0.00849201 
0.35 99.1298 5.49394 0 0.367058 0.00917646 
0.375 99.0648 5.53073 0 0.39462 0.00986549 
0.4 98.9994 5.56772 0 0.422366 0.0105591 
0.425 98.9335 5.60491 0 0.450297 0.0112574 
0.45 98.8673 5.64231 0 0.478415 0.0119604 
0.475 98.8007 5.67991 0 0.50672 0.012668 
0.5 98.7337 5.71772 0 0.535214 0.0133803 
0.525 98.6663 5.75573 0 0.563897 0.0140974 
0.55 98.5985 5.79395 0 0.592771 0.0148193 
0.575 98.5302 5.83238 0 0.621837 0.0155459 
0.6 98.4616 5.87102 0 0.651095 0.0162774 
0.625 98.3926 5.90986 0 0.680547 0.0170137 
0.65 98.3231 5.94891 0 0.710194 0.0177548 
0.675 98.2533 5.98817 0 0.740036 0.0185009 
0.7 98.183 6.02764 0 0.770075 0.0192519 
0.725 98.1124 6.06732 0 0.800312 0.0200078 
0.75 98.0413 6.10721 0 0.830748 0.0207687 
0.775 97.9698 6.14731 0 0.861385 0.0215346 
0.8 97.8978 6.18763 0 0.892222 0.0223055 
0.825 97.8255 6.22815 0 0.923261 0.0230815 
0.85 97.7528 6.26888 0 0.954503 0.0238626 
0.875 97.6796 6.30983 0 0.98595 0.0246487 
0.9 97.606 6.35099 0 1.0176 0.02544 
0.925 97.5319 6.39236 0 1.04946 0.0262365 
0.95 97.4575 6.43395 0 1.08153 0.0270381 
0.975 97.3826 6.47575 0 1.1138 0.027845 
1 97.3073 6.51776 0 1.14628 0.0286571 
1.025 97.2316 6.55999 0 1.17898 0.0294744 
1.05 97.1554 6.60243 0 1.21188 0.0302971 
1.075 97.0788 6.64508 0 1.245 0.031125 
1.1 97.0018 6.68796 0 1.27833 0.0319583 
1.125 96.9243 6.73104 0 1.31188 0.032797 
1.15 96.8464 6.77434 0 1.34564 0.0336411 
1.175 96.768 6.81786 0 1.37962 0.0344906 
1.2 96.6892 6.8616 0 1.41382 0.0353456 
1.225 96.61 6.90555 0 1.44824 0.036206 
1.25 96.5303 6.94971 0 1.48288 0.0370719 
1.275 96.4502 6.9941 0 1.51774 0.0379434 
1.3 96.3697 7.0387 0 1.55282 0.0388205 
1.325 96.2887 7.08351 0 1.58812 0.0397031 
1.35 96.2072 7.12855 0 1.62365 0.0405913 
1.375 96.1253 7.1738 0 1.65941 0.0414852 
1.4 96.043 7.21927 0 1.69539 0.0423848 
1.425 95.9602 7.26495 0 1.7316 0.0432901 
1.45 95.8769 7.31085 0 1.76804 0.044201 
1.475 95.7932 7.35698 0 1.80471 0.0451178 
1.5 95.709 7.40331 0 1.84161 0.0460403 
1.525 95.6244 7.44987 0 1.87874 0.0469686 
1.55 95.5393 7.49665 0 1.91611 0.0479027 
1.575 95.4538 7.54364 0 1.95371 0.0488428 
1.6 95.3678 7.59085 0 1.99155 0.0497887 
1.625 95.2814 7.63828 0 2.02962 0.0507405 
1.65 95.1945 7.68592 0 2.06793 0.0516982 
1.675 95.1071 7.73378 0 2.10648 0.0526619 
1.7 95.0192 7.78186 0 2.14527 0.0536317 
1.725 94.9309 7.83016 0 2.1843 0.0546074 
1.75 94.8422 7.87868 0 2.22357 0.0555892 
1.775 94.7529 7.92741 0 2.26308 0.0565771 
1.8 94.6632 7.97636 0 2.30284 0.0575711 
1.825 94.5731 8.02553 0 2.34285 0.0585712 
1.85 94.4824 8.07492 0 2.3831 0.0595774 
1.875 94.3913 8.12452 0 2.4236 0.0605899 
1.9 94.2997 8.17434 0 2.46434 0.0616086 
1.925 94.2077 8.22437 0 2.50534 0.0626335 
1.95 94.1151 8.27462 0 2.54659 0.0636647 
1.975 94.0221 8.32509 0 2.58809 0.0647021 
2 93.9286 8.37577 0 2.62984 0.0657459 
2.025 93.8347 8.42667 0 2.67184 0.0667961 
2.05 93.7403 8.47778 0 2.7141 0.0678526 
2.075 93.6454 8.52911 0 2.75662 0.0689155 
2.1 93.55 8.58065 0 2.7994 0.0699849 
2.125 93.4541 8.63241 0 2.84243 0.0710607 
2.15 93.3578 8.68438 0 2.88572 0.072143 
2.175 93.2609 8.73656 0 2.92927 0.0732318 
2.2 93.1636 8.78896 0 2.97309 0.0743271 
2.225 93.0658 8.84157 0 3.01716 0.075429 
2.25 92.9676 8.89439 0 3.0615 0.0765375 
2.275 92.8688 8.94742 0 3.10611 0.0776526 
2.3 92.7696 9.00067 0 3.15098 0.0787744 
2.325 92.6699 9.05412 0 3.19611 0.0799028 
2.35 92.5697 9.10779 0 3.24152 0.0810379 
2.375 92.469 9.16166 0 3.28719 0.0821797 
2.4 92.3678 9.21574 0 3.33313 0.0833283 
2.425 92.2661 9.27004 0 3.37935 0.0844837 
2.45 92.164 9.32453 0 3.42583 0.0856458 
2.475 92.0614 9.37924 0 3.47259 0.0868148 
2.5 91.9582 9.43415 0 3.51963 0.0879906 
2.525 91.8546 9.48927 0 3.56693 0.0891733 
2.55 91.7505 9.5446 0 3.61452 0.090363 
2.575 91.6459 9.60012 0 3.66238 0.0915595 
2.6 91.5409 9.65586 0 3.71052 0.092763 
2.625 91.4353 9.71179 0 3.75894 0.0939735 
2.65 91.3292 9.76793 0 3.80764 0.0951909 
2.675 91.2227 9.82427 0 3.85662 0.0964154 
2.7 91.1157 9.8808 0 3.90588 0.097647 
2.725 91.0081 9.93754 0 3.95543 0.0988856 
2.75 90.9001 9.99448 0 4.00526 0.100131 
2.775 90.7916 10.0516 0 4.05537 0.101384 
2.8 90.6826 10.1089 0 4.10577 0.102644 
2.825 90.5732 10.1665 0 4.15646 0.103912 
2.85 90.4632 10.2242 0 4.20744 0.105186 
2.875 90.3527 10.2821 0 4.2587 0.106468 
2.9 90.2418 10.3402 0 4.31026 0.107756 
2.925 90.1303 10.3985 0 4.3621 0.109053 
2.95 90.0184 10.457 0 4.41424 0.110356 
2.975 89.906 10.5157 0 4.46667 0.111667 
3 89.793 10.5746 0 4.5194 0.112985 
3.025 89.6796 10.6336 0 4.57242 0.114311 
3.05 89.5657 10.6929 0 4.62574 0.115643 
3.075 89.4514 10.7523 0 4.67935 0.116984 
3.1 89.3365 10.8119 0 4.73326 0.118331 
3.125 89.2211 10.8717 0 4.78747 0.119687 
3.15 89.1053 10.9317 0 4.84198 0.121049 
3.175 88.9889 10.9919 0 4.89679 0.12242 
3.2 88.8721 11.0522 0 4.95189 0.123797 
3.225 88.7548 11.1127 0 5.00731 0.125183 
3.25 88.637 11.1734 0 5.06302 0.126576 
3.275 88.5187 11.2343 0 5.11904 0.127976 
3.3 88.3999 11.2953 0 5.17536 0.129384 
3.325 88.2807 11.3565 0 5.23199 0.1308 
3.35 88.1609 11.4179 0 5.28893 0.132223 
3.375 88.0407 11.4795 0 5.34617 0.133654 
3.4 87.92 11.5412 0 5.40372 0.135093 
3.425 87.7988 11.6031 0 5.46159 0.13654 
3.45 87.6771 11.6651 0 5.51976 0.137994 
3.475 87.555 11.7273 0 5.57824 0.139456 
3.5 87.4323 11.7897 0 5.63703 0.140926 
3.525 87.3092 11.8523 0 5.69613 0.142403 
3.55 87.1856 11.915 0 5.75555 0.143889 
3.575 87.0615 11.9778 0 5.81528 0.145382 
3.6 86.937 12.0408 0 5.87533 0.146883 
3.625 86.8119 12.104 0 5.93569 0.148392 
3.65 86.6864 12.1673 0 5.99637 0.149909 
3.675 86.5605 12.2307 0 6.05736 0.151434 
3.7 86.434 12.2943 0 6.11868 0.152967 
3.725 86.3071 12.3581 0 6.18031 0.154508 
3.75 86.1797 12.422 0 6.24226 0.156056 
3.775 86.0518 12.486 0 6.30453 0.157613 
3.8 85.9235 12.5502 0 6.36712 0.159178 
3.825 85.7947 12.6145 0 6.43003 0.160751 
3.85 85.6654 12.679 0 6.49326 0.162332 
3.875 85.5357 12.7436 0 6.55682 0.16392 
3.9 85.4055 12.8083 0 6.6207 0.165517 
3.925 85.2748 12.8732 0 6.6849 0.167123 
3.95 85.1437 12.9382 0 6.74943 0.168736 
3.975 85.0121 13.0033 0 6.81428 0.170357 
4 84.8801 13.0685 0 6.87946 0.171987 
4.025 84.7476 13.1338 0 6.94497 0.173624 
4.05 84.6146 13.1993 0 7.0108 0.17527 
4.075 84.4812 13.2649 0 7.07696 0.176924 
4.1 84.3473 13.3306 0 7.14345 0.178586 
4.125 84.213 13.3964 0 7.21027 0.180257 
4.15 84.0783 13.4624 0 7.27742 0.181935 
4.175 83.9431 13.5284 0 7.34489 0.183622 
4.2 83.8074 13.5946 0 7.4127 0.185317 
4.225 83.6713 13.6608 0 7.48084 0.187021 
4.25 83.5348 13.7272 0 7.54931 0.188733 
4.275 83.3978 13.7936 0 7.61811 0.190453 
4.3 83.2604 13.8602 0 7.68724 0.192181 
4.325 83.1225 13.9268 0 7.75671 0.193918 
4.35 82.9843 13.9936 0 7.82651 0.195663 
4.375 82.8455 14.0604 0 7.89665 0.197416 
4.4 82.7064 14.1273 0 7.96712 0.199178 
4.425 82.5668 14.1943 0 8.03792 0.200948 
4.45 82.4268 14.2614 0 8.10906 0.202727 
4.475 82.2864 14.3286 0 8.18053 0.204513 
4.5 82.1455 14.3958 0 8.25235 0.206309 
4.525 82.0043 14.4631 0 8.32449 0.208112 
4.55 81.8626 14.5305 0 8.39698 0.209924 
4.575 81.7205 14.598 0 8.4698 0.211745 
4.6 81.578 14.6655 0 8.54296 0.213574 
4.625 81.4351 14.7331 0 8.61645 0.215411 
4.65 81.2917 14.8007 0 8.69029 0.217257 
4.675 81.148 14.8684 0 8.76446 0.219112 
4.7 81.0039 14.9362 0 8.83897 0.220974 
4.725 80.8593 15.004 0 8.91382 0.222846 
4.75 80.7144 15.0719 0 8.98901 0.224725 
4.775 80.5691 15.1398 0 9.06454 0.226614 
4.8 80.4233 15.2078 0 9.14041 0.22851 
4.825 80.2772 15.2758 0 9.21662 0.230415 
4.85 80.1307 15.3438 0 9.29317 0.232329 
4.875 79.9838 15.4119 0 9.37006 0.234251 
4.9 79.8366 15.48 0 9.44729 0.236182 
4.925 79.6889 15.5481 0 9.52486 0.238121 
4.95 79.5409 15.6163 0 9.60277 0.240069 
4.975 79.3925 15.6845 0 9.68102 0.242025 
5 79.2437 15.7527 0 9.75961 0.24399 
5.025 79.0946 15.8209 0 9.83855 0.245964 
5.05 78.9451 15.8892 0 9.91782 0.247946 
5.075 78.7952 15.9574 0 9.99744 0.249936 
5.1 78.645 16.0257 0 10.0774 0.251935 
5.125 78.4944 16.0939 0 10.1577 0.253942 
5.15 78.3435 16.1622 0 10.2383 0.255958 
5.175 78.1922 16.2305 0 10.3193 0.257983 
5.2 78.0406 16.2988 0 10.4006 0.260016 
5.225 77.8886 16.367 0 10.4823 0.262058 
5.25 77.7363 16.4353 0 10.5643 0.264108 
5.275 77.5836 16.5035 0 10.6467 0.266166 
5.3 77.4307 16.5718 0 10.7293 0.268234 
5.325 77.2773 16.64 0 10.8124 0.270309 
5.35 77.1237 16.7082 0 10.8957 0.272394 
5.375 76.9697 16.7763 0 10.9795 0.274486 
5.4 76.8155 16.8444 0 11.0635 0.276588 
5.425 76.6609 16.9125 0 11.1479 0.278698 
5.45 76.5059 16.9806 0 11.2326 0.280816 
5.475 76.3507 17.0486 0 11.3177 0.282943 
5.5 76.1952 17.1166 0 11.4031 0.285078 
5.525 76.0393 17.1846 0 11.4889 0.287222 
5.55 75.8832 17.2525 0 11.575 0.289374 
5.575 75.7268 17.3203 0 11.6614 0.291535 
5.6 75.5701 17.3881 0 11.7482 0.293704 
5.625 75.413 17.4558 0 11.8353 0.295882 
5.65 75.2557 17.5235 0 11.9227 0.298068 
5.675 75.0982 17.5911 0 12.0105 0.300263 
5.7 74.9403 17.6586 0 12.0986 0.302466 
5.725 74.7822 17.7261 0 12.1871 0.304677 
5.75 74.6238 17.7934 0 12.2759 0.306897 
5.775 74.4651 17.8607 0 12.365 0.309126 
5.8 74.3062 17.928 0 12.4545 0.311363 
5.825 74.147 17.9951 0 12.5443 0.313608 
5.85 73.9875 18.0622 0 12.6345 0.315861 
5.875 73.8278 18.1291 0 12.7249 0.318123 
5.9 73.6679 18.196 0 12.8157 0.320394 
5.925 73.5077 18.2627 0 12.9069 0.322672 
5.95 73.3473 18.3294 0 12.9984 0.324959 
5.975 73.1866 18.3959 0 13.0902 0.327255 
6 73.0257 18.4624 0 13.1823 0.329558 
6.025 72.8646 18.5287 0 13.2748 0.33187 
6.05 72.7032 18.5949 0 13.3676 0.334191 
6.075 72.5417 18.661 0 13.4608 0.336519 
6.1 72.3799 18.727 0 13.5542 0.338856 
6.125 72.2179 18.7929 0 13.648 0.341201 
6.15 72.0557 18.8586 0 13.7422 0.343554 
6.175 71.8933 18.9242 0 13.8366 0.345915 
6.2 71.7307 18.9896 0 13.9314 0.348285 
6.225 71.5679 19.0549 0 14.0265 0.350663 
6.25 71.4049 19.1201 0 14.122 0.353049 
6.275 71.2418 19.1851 0 14.2177 0.355443 
6.3 71.0784 19.25 0 14.3138 0.357845 
6.325 70.9149 19.3147 0 14.4102 0.360255 
6.35 70.7512 19.3792 0 14.5069 0.362674 
6.375 70.5873 19.4436 0 14.604 0.3651 
6.4 70.4232 19.5078 0 14.7014 0.367535 
6.425 70.259 19.5719 0 14.7991 0.369977 
6.45 70.0947 19.6358 0 14.8971 0.372428 
6.475 69.9302 19.6995 0 14.9954 0.374886 
6.5 69.7655 19.763 0 15.0941 0.377352 
6.525 69.6007 19.8264 0 15.1931 0.379827 
6.55 69.4358 19.8896 0 15.2924 0.382309 
6.575 69.2707 19.9526 0 15.392 0.384799 
6.6 69.1055 20.0153 0 15.4919 0.387297 
6.625 68.9401 20.0779 0 15.5921 0.389803 
6.65 68.7747 20.1403 0 15.6927 0.392317 
6.675 68.6091 20.2025 0 15.7935 0.394838 
6.7 68.4434 20.2645 0 15.8947 0.397367 
6.725 68.2776 20.3263 0 15.9962 0.399904 
6.75 68.1117 20.3879 0 16.098 0.402449 
6.775 67.9457 20.4492 0 16.2 0.405001 
6.8 67.7796 20.5104 0 16.3024 0.407561 
6.825 67.6134 20.5713 0 16.4052 0.410129 
6.85 67.4472 20.632 0 16.5082 0.412704 
6.875 67.2808 20.6924 0 16.6115 0.415287 
6.9 67.1144 20.7527 0 16.7151 0.417877 
6.925 66.9479 20.8127 0 16.819 0.420475 
6.95 66.7813 20.8724 0 16.9232 0.42308 
6.975 66.6146 20.9319 0 17.0277 0.425693 
7 66.4479 20.9912 0 17.1325 0.428313 
7.025 66.2812 21.0502 0 17.2376 0.430941 
7.05 66.1144 21.109 0 17.343 0.433576 
7.075 65.9475 21.1675 0 17.4487 0.436218 
7.1 65.7806 21.2258 0 17.5547 0.438868 
7.125 65.6137 21.2838 0 17.661 0.441525 
7.15 65.4467 21.3416 0 17.7675 0.444189 
7.175 65.2797 21.399 0 17.8744 0.44686 
7.2 65.1127 21.4562 0 17.9815 0.449538 
7.225 64.9456 21.5132 0 18.089 0.452224 
7.25 64.7786 21.5698 0 18.1967 0.454917 
7.275 64.6115 21.6262 0 18.3047 0.457617 
7.3 64.4444 21.6823 0 18.4129 0.460323 
7.325 64.2774 21.7381 0 18.5215 0.463037 
7.35 64.1103 21.7936 0 18.6303 0.465758 
7.375 63.9432 21.8489 0 18.7394 0.468485 
7.4 63.7762 21.9038 0 18.8488 0.47122 
7.425 63.6091 21.9585 0 18.9585 0.473961 
7.45 63.4421 22.0128 0 19.0684 0.47671 
7.475 63.2751 22.0669 0 19.1786 0.479465 
7.5 63.1081 22.1206 0 19.2891 0.482226 
7.525 62.9412 22.174 0 19.3998 0.484995 
7.55 62.7743 22.2272 0 19.5108 0.48777 
7.575 62.6074 22.28 0 19.6221 0.490552 
7.6 62.4406 22.3325 0 19.7336 0.49334 
7.625 62.2738 22.3846 0 19.8454 0.496135 
7.65 62.1071 22.4365 0 19.9574 0.498936 
7.675 61.9405 22.488 0 20.0698 0.501744 
7.7 61.7739 22.5392 0 20.1823 0.504558 
7.725 61.6074 22.5901 0 20.2951 0.507379 
7.75 61.4409 22.6407 0 20.4082 0.510206 
7.775 61.2745 22.6909 0 20.5216 0.513039 
7.8 61.1083 22.7407 0 20.6351 0.515878 
7.825 60.942 22.7903 0 20.749 0.518724 
7.85 60.7759 22.8395 0 20.863 0.521576 
7.875 60.6099 22.8883 0 20.9774 0.524434 
7.9 60.444 22.9368 0 21.0919 0.527298 
7.925 60.2781 22.985 0 21.2067 0.530168 
7.95 60.1124 23.0328 0 21.3218 0.533044 
7.975 59.9468 23.0802 0 21.437 0.535926 
8 59.7813 23.1273 0 21.5526 0.538814 
8.025 59.6159 23.174 0 21.6683 0.541708 
8.05 59.4507 23.2204 0 21.7843 0.544608 
8.075 59.2855 23.2664 0 21.9005 0.547513 
8.1 59.1205 23.3121 0 22.017 0.550424 
8.125 58.9556 23.3574 0 22.1336 0.553341 
8.15 58.7909 23.4023 0 22.2505 0.556264 
8.175 58.6263 23.4468 0 22.3677 0.559192 
8.2 58.4619 23.491 0 22.485 0.562125 
8.225 58.2976 23.5348 0 22.6026 0.565065 
8.25 58.1334 23.5782 0 22.7204 0.568009 
8.275 57.9695 23.6212 0 22.8384 0.570959 
8.3 57.8056 23.6639 0 22.9566 0.573914 
8.325 57.642 23.7062 0 23.075 0.576875 
8.35 57.4785 23.748 0 23.1936 0.579841 
8.375 57.3152 23.7895 0 23.3125 0.582812 
8.4 57.152 23.8306 0 23.4315 0.585788 
8.425 56.9891 23.8714 0 23.5508 0.58877 
8.45 56.8263 23.9117 0 23.6702 0.591756 
8.475 56.6637 23.9516 0 23.7899 0.594748 
8.5 56.5013 23.9912 0 23.9098 0.597744 
8.525 56.3391 24.0303 0 24.0298 0.600745 
8.55 56.1771 24.0691 0 24.1501 0.603752 
8.575 56.0153 24.1074 0 24.2705 0.606763 
8.6 55.8537 24.1454 0 24.3911 0.609779 
8.625 55.6923 24.1829 0 24.512 0.612799 
8.65 55.5312 24.22 0 24.633 0.615824 
8.675 55.3702 24.2568 0 24.7542 0.618854 
8.7 55.2095 24.2931 0 24.8755 0.621888 
8.725 55.049 24.329 0 24.9971 0.624927 
8.75 54.8887 24.3645 0 25.1188 0.627971 
8.775 54.7287 24.3996 0 25.2407 0.631018 
8.8 54.5689 24.4343 0 25.3628 0.634071 
8.825 54.4093 24.4685 0 25.4851 0.637127 
8.85 54.2499 24.5024 0 25.6075 0.640188 
8.875 54.0908 24.5358 0 25.7301 0.643253 
8.9 53.932 24.5688 0 25.8529 0.646322 
8.925 53.7734 24.6014 0 25.9758 0.649395 
8.95 53.6151 24.6336 0 26.0989 0.652472 
8.975 53.457 24.6653 0 26.2221 0.655553 
9 53.2992 24.6967 0 26.3455 0.658638 
9.025 53.1416 24.7276 0 26.4691 0.661727 
9.05 52.9843 24.7581 0 26.5928 0.66482 
9.075 52.8273 24.7881 0 26.7167 0.667917 
9.1 52.6705 24.8178 0 26.8407 0.671017 
9.125 52.514 24.847 0 26.9649 0.674121 
9.15 52.3578 24.8758 0 27.0892 0.677229 
9.175 52.2019 24.9041 0 27.2136 0.68034 
9.2 52.0463 24.9321 0 27.3382 0.683455 
9.225 51.8909 24.9596 0 27.4629 0.686573 
9.25 51.7359 24.9866 0 27.5878 0.689695 
9.275 51.5811 25.0133 0 27.7128 0.69282 
9.3 51.4267 25.0395 0 27.8379 0.695948 
9.325 51.2725 25.0652 0 27.9632 0.69908 
9.35 51.1186 25.0906 0 28.0886 0.702215 
9.375 50.965 25.1155 0 28.2141 0.705352 
9.4 50.8118 25.14 0 28.3397 0.708493 
9.425 50.6588 25.164 0 28.4655 0.711637 
9.45 50.5062 25.1876 0 28.5914 0.714784 
9.475 50.3539 25.2108 0 28.7174 0.717934 
9.5 50.2019 25.2336 0 28.8435 0.721087 
9.525 50.0502 25.2559 0 28.9697 0.724243 
9.55 49.8988 25.2777 0 29.096 0.727401 
9.575 49.7478 25.2992 0 29.2225 0.730562 
9.6 49.597 25.3202 0 29.349 0.733726 
9.625 49.4467 25.3408 0 29.4757 0.736892 
9.65 49.2966 25.3609 0 29.6024 0.740061 
9.675 49.1469 25.3806 0 29.7293 0.743232 
9.7 48.9975 25.3999 0 29.8562 0.746406 
9.725 48.8484 25.4187 0 29.9833 0.749582 
9.75 48.6997 25.4371 0 30.1104 0.752761 
9.775 48.5514 25.455 0 30.2377 0.755942 
9.8 48.4033 25.4725 0 30.365 0.759125 
9.825 48.2557 25.4896 0 30.4924 0.76231 
9.85 48.1083 25.5063 0 30.6199 0.765497 
9.875 47.9614 25.5225 0 30.7475 0.768686 
9.9 47.8147 25.5383 0 30.8751 0.771878 
9.925 47.6685 25.5536 0 31.0028 0.775071 
9.95 47.5226 25.5685 0 31.1306 0.778266 
9.975 47.377 25.583 0 31.2585 0.781463 
10 47.2318 25.5971 0 31.3865 0.784662 
10.025 47.087 25.6107 0 31.5145 0.787862 
10.05 46.9425 25.6238 0 31.6426 0.791065 
10.075 46.7984 25.6366 0 31.7707 0.794268 
10.1 46.6547 25.6489 0 31.8989 0.797474 
10.125 46.5113 25.6608 0 32.0272 0.800681 
10.15 46.3683 25.6722 0 32.1556 0.803889 
10.175 46.2257 25.6832 0 32.2839 0.807099 
10.2 46.0835 25.6938 0 32.4124 0.81031 
10.225 45.9416 25.704 0 32.5409 0.813522 
10.25 45.8001 25.7137 0 32.6694 0.816736 
10.275 45.659 25.723 0 32.798 0.81995 
10.3 45.5183 25.7319 0 32.9267 0.823166 
10.325 45.3779 25.7404 0 33.0553 0.826383 
10.35 45.238 25.7484 0 33.1841 0.829602 
10.375 45.0984 25.756 0 33.3128 0.832821 
10.4 44.9592 25.7632 0 33.4416 0.836041 
10.425 44.8204 25.7699 0 33.5705 0.839261 
10.45 44.682 25.7762 0 33.6993 0.842483 
10.475 44.5439 25.7821 0 33.8282 0.845705 
10.5 44.4063 25.7876 0 33.9571 0.848929 
10.525 44.2691 25.7927 0 34.0861 0.852152 
10.55 44.1322 25.7973 0 34.2151 0.855377 
10.575 43.9958 25.8016 0 34.3441 0.858602 
10.6 43.8597 25.8054 0 34.4731 0.861827 
10.625 43.7241 25.8088 0 34.6021 0.865053 
10.65 43.5888 25.8117 0 34.7312 0.868279 
10.675 43.4539 25.8143 0 34.8602 0.871506 
10.7 43.3195 25.8165 0 34.9893 0.874733 
10.725 43.1854 25.8182 0 35.1184 0.87796 
10.75 43.0518 25.8195 0 35.2475 0.881187 
10.775 42.9185 25.8205 0 35.3766 0.884415 
10.8 42.7857 25.821 0 35.5057 0.887643 
10.825 42.6532 25.8211 0 35.6348 0.89087 
10.85 42.5212 25.8208 0 35.7639 0.894098 
10.875 42.3896 25.8201 0 35.893 0.897325 
10.9 42.2584 25.819 0 36.0221 0.900553 
10.925 42.1276 25.8174 0 36.1512 0.90378 
10.95 41.9972 25.8155 0 36.2803 0.907007 
10.975 41.8672 25.8132 0 36.4094 0.910234 
11 41.7376 25.8105 0 36.5384 0.91346 
11.025 41.6084 25.8074 0 36.6675 0.916687 
11.05 41.4797 25.8039 0 36.7965 0.919912 
11.075 41.3513 25.8 0 36.9255 0.923138 
11.1 41.2234 25.7957 0 37.0545 0.926362 
11.125 41.0959 25.7911 0 37.1835 0.929587 
11.15 40.9688 25.786 0 37.3124 0.93281 
11.175 40.8421 25.7805 0 37.4413 0.936033 
11.2 40.7158 25.7747 0 37.5702 0.939255 
11.225 40.59 25.7685 0 37.6991 0.942477 
11.25 40.4646 25.7619 0 37.8279 0.945697 
11.275 40.3395 25.7549 0 37.9567 0.948917 
11.3 40.2149 25.7475 0 38.0854 0.952136 
11.325 40.0907 25.7397 0 38.2142 0.955354 
11.35 39.967 25.7316 0 38.3428 0.958571 
11.375 39.8436 25.7231 0 38.4715 0.961787 
11.4 39.7207 25.7142 0 38.6001 0.965002 
11.425 39.5982 25.705 0 38.7286 0.968215 
11.45 39.4761 25.6954 0 38.8571 0.971428 
11.475 39.3544 25.6854 0 38.9856 0.974639 
11.5 39.2332 25.675 0 39.114 0.977849 
11.525 39.1123 25.6643 0 39.2423 0.981058 
11.55 38.9919 25.6532 0 39.3706 0.984265 
11.575 38.8719 25.6418 0 39.4989 0.987471 
11.6 38.7523 25.6299 0 39.627 0.990676 
11.625 38.6332 25.6178 0 39.7552 0.993879 
11.65 38.5144 25.6053 0 39.8832 0.99708 
11.675 38.3961 25.5924 0 40.0112 1.00028 
11.7 38.2782 25.5792 0 40.1391 1.00348 
11.725 38.1608 25.5656 0 40.267 1.00667 
11.75 38.0437 25.5516 0 40.3948 1.00987 
11.775 37.9271 25.5374 0 40.5225 1.01306 
11.8 37.8108 25.5227 0 40.6502 1.01625 
11.825 37.695 25.5078 0 40.7777 1.01944 
11.85 37.5797 25.4925 0 40.9052 1.02263 
11.875 37.4647 25.4768 0 41.0327 1.02582 
11.9 37.3502 25.4608 0 41.16 1.029 
11.925 37.236 25.4445 0 41.2873 1.03218 
11.95 37.1223 25.4278 0 41.4145 1.03536 
11.975 37.0091 25.4108 0 41.5416 1.03854 
12 36.8962 25.3935 0 41.6686 1.04171 
12.025 36.7837 25.3759 0 41.7955 1.04489 
12.05 36.6717 25.3579 0 41.9223 1.04806 
12.075 36.5601 25.3396 0 42.0491 1.05123 
12.1 36.4489 25.321 0 42.1757 1.05439 
12.125 36.3381 25.302 0 42.3023 1.05756 
12.15 36.2278 25.2828 0 42.4287 1.06072 
12.175 36.1178 25.2632 0 42.5551 1.06388 
12.2 36.0083 25.2433 0 42.6814 1.06703 
12.225 35.8992 25.2231 0 42.8075 1.07019 
12.25 35.7905 25.2026 0 42.9336 1.07334 
12.275 35.6822 25.1817 0 43.0596 1.07649 
12.3 35.5743 25.1606 0 43.1854 1.07964 
12.325 35.4669 25.1392 0 43.3112 1.08278 
12.35 35.3598 25.1174 0 43.4368 1.08592 
12.375 35.2532 25.0954 0 43.5623 1.08906 
12.4 35.147 25.0731 0 43.6878 1.09219 
12.425 35.0412 25.0504 0 43.8131 1.09533 
12.45 34.9358 25.0275 0 43.9383 1.09846 
12.475 34.8308 25.0043 0 44.0634 1.10158 
12.5 34.7262 24.9808 0 44.1883 1.10471 
12.525 34.6221 24.957 0 44.3132 1.10783 
12.55 34.5183 24.9329 0 44.4379 1.11095 
12.575 34.4149 24.9085 0 44.5625 1.11406 
12.6 34.312 24.8839 0 44.687 1.11717 
12.625 34.2095 24.8589 0 44.8113 1.12028 
12.65 34.1073 24.8337 0 44.9356 1.12339 
12.675 34.0056 24.8082 0 45.0597 1.12649 
12.7 33.9043 24.7825 0 45.1836 1.12959 
12.725 33.8034 24.7564 0 45.3075 1.13269 
12.75 33.7029 24.7301 0 45.4312 1.13578 
12.775 33.6028 24.7036 0 45.5548 1.13887 
12.8 33.5031 24.6767 0 45.6782 1.14196 
12.825 33.4038 24.6496 0 45.8016 1.14504 
12.85 33.3049 24.6223 0 45.9247 1.14812 
12.875 33.2064 24.5947 0 46.0478 1.15119 
12.9 33.1082 24.5668 0 46.1707 1.15427 
12.925 33.0105 24.5387 0 46.2934 1.15734 
12.95 32.9132 24.5103 0 46.4161 1.1604 
12.975 32.8163 24.4817 0 46.5385 1.16346 
13 32.7198 24.4528 0 46.6609 1.16652 
13.025 32.6237 24.4237 0 46.7831 1.16958 
13.05 32.528 24.3943 0 46.9051 1.17263 
13.075 32.4326 24.3647 0 47.027 1.17568 
13.1 32.3377 24.3348 0 47.1488 1.17872 
13.125 32.2431 24.3047 0 47.2704 1.18176 
13.15 32.149 24.2744 0 47.3918 1.1848 
13.175 32.0552 24.2439 0 47.5131 1.18783 
13.2 31.9618 24.2131 0 47.6343 1.19086 
13.225 31.8688 24.1821 0 47.7552 1.19388 
13.25 31.7762 24.1508 0 47.8761 1.1969 
13.275 31.684 24.1193 0 47.9968 1.19992 
13.3 31.5922 24.0876 0 48.1173 1.20293 
13.325 31.5007 24.0557 0 48.2376 1.20594 
13.35 31.4096 24.0236 0 48.3578 1.20895 
13.375 31.319 23.9912 0 48.4779 1.21195 
13.4 31.2287 23.9587 0 48.5977 1.21494 
13.425 31.1387 23.9259 0 48.7175 1.21794 
13.45 31.0492 23.8929 0 48.837 1.22092 
13.475 30.96 23.8597 0 48.9564 1.22391 
13.5 30.8712 23.8263 0 49.0756 1.22689 
13.525 30.7828 23.7927 0 49.1946 1.22987 
13.55 30.6948 23.7589 0 49.3135 1.23284 
13.575 30.6071 23.7248 0 49.4322 1.23581 
13.6 30.5198 23.6906 0 49.5508 1.23877 
13.625 30.4329 23.6562 0 49.6691 1.24173 
13.65 30.3464 23.6216 0 49.7873 1.24468 
13.675 30.2602 23.5868 0 49.9054 1.24763 
13.7 30.1744 23.5518 0 50.0232 1.25058 
13.725 30.0889 23.5167 0 50.1409 1.25352 
13.75 30.0039 23.4813 0 50.2584 1.25646 
13.775 29.9192 23.4458 0 50.3757 1.25939 
13.8 29.8348 23.41 0 50.4928 1.26232 
13.825 29.7509 23.3741 0 50.6098 1.26524 
13.85 29.6672 23.338 0 50.7266 1.26816 
13.875 29.584 23.3018 0 50.8432 1.27108 
13.9 29.5011 23.2653 0 50.9596 1.27399 
13.925 29.4186 23.2287 0 51.0758 1.2769 
13.95 29.3364 23.1919 0 51.1919 1.2798 
13.975 29.2546 23.155 0 51.3077 1.28269 
14 29.1731 23.1179 0 51.4234 1.28559 
14.025 29.092 23.0806 0 51.5389 1.28847 
14.05 29.0112 23.0432 0 51.6542 1.29136 
14.075 28.9309 23.0056 0 51.7693 1.29423 
14.1 28.8508 22.9678 0 51.8843 1.29711 
14.125 28.7711 22.9299 0 51.999 1.29998 
14.15 28.6918 22.8918 0 52.1136 1.30284 
14.175 28.6128 22.8536 0 52.2279 1.3057 
14.2 28.5341 22.8152 0 52.3421 1.30855 
14.225 28.4558 22.7767 0 52.4561 1.3114 
14.25 28.3778 22.738 0 52.5699 1.31425 
14.275 28.3002 22.6992 0 52.6835 1.31709 
14.3 28.2229 22.6603 0 52.7969 1.31992 
14.325 28.146 22.6212 0 52.9101 1.32275 
14.35 28.0694 22.5819 0 53.0231 1.32558 
14.375 27.9932 22.5425 0 53.1359 1.3284 
14.4 27.9172 22.503 0 53.2485 1.33121 
14.425 27.8417 22.4634 0 53.3609 1.33402 
14.45 27.7664 22.4236 0 53.4731 1.33683 
14.475 27.6915 22.3837 0 53.5852 1.33963 
14.5 27.6169 22.3437 0 53.697 1.34242 
14.525 27.5427 22.3035 0 53.8086 1.34522 
14.55 27.4688 22.2632 0 53.92 1.348 
14.575 27.3952 22.2228 0 54.0312 1.35078 
14.6 27.3219 22.1823 0 54.1422 1.35356 
14.625 27.249 22.1416 0 54.2531 1.35633 
14.65 27.1764 22.1009 0 54.3637 1.35909 
14.675 27.1041 22.06 0 54.4741 1.36185 
14.7 27.0322 22.019 0 54.5843 1.36461 
14.725 26.9605 21.9779 0 54.6943 1.36736 
14.75 26.8892 21.9366 0 54.804 1.3701 
14.775 26.8182 21.8953 0 54.9136 1.37284 
14.8 26.7476 21.8539 0 55.023 1.37557 
14.825 26.6772 21.8123 0 55.1322 1.3783 
14.85 26.6072 21.7707 0 55.2411 1.38103 
14.875 26.5375 21.7289 0 55.3499 1.38375 
14.9 26.468 21.6871 0 55.4584 1.38646 
14.925 26.399 21.6451 0 55.5667 1.38917 
14.95 26.3302 21.6031 0 55.6749 1.39187 
14.975 26.2617 21.561 0 55.7828 1.39457 
15 26.1935 21.5187 0 55.8905 1.39726 
15.025 26.1257 21.4764 0 55.998 1.39995 
15.05 26.0581 21.434 0 56.1052 1.40263 
15.075 25.9909 21.3915 0 56.2123 1.40531 
15.1 25.924 21.3489 0 56.3191 1.40798 
15.125 25.8573 21.3062 0 56.4258 1.41064 
15.15 25.791 21.2635 0 56.5322 1.41331 
15.175 25.725 21.2206 0 56.6384 1.41596 
15.2 25.6593 21.1777 0 56.7444 1.41861 
15.225 25.5938 21.1347 0 56.8502 1.42125 
15.25 25.5287 21.0916 0 56.9558 1.42389 
15.275 25.4639 21.0485 0 57.0611 1.42653 
15.3 25.3993 21.0053 0 57.1662 1.42916 
15.325 25.3351 20.962 0 57.2712 1.43178 
15.35 25.2711 20.9186 0 57.3759 1.4344 
15.375 25.2075 20.8752 0 57.4804 1.43701 
15.4 25.1441 20.8317 0 57.5846 1.43962 
15.425 25.081 20.7881 0 57.6887 1.44222 
15.45 25.0182 20.7444 0 57.7925 1.44481 
15.475 24.9557 20.7007 0 57.8961 1.4474 
15.5 24.8935 20.657 0 57.9995 1.44999 
15.525 24.8316 20.6132 0 58.1027 1.45257 
15.55 24.7699 20.5693 0 58.2056 1.45514 
15.575 24.7086 20.5253 0 58.3084 1.45771 
15.6 24.6475 20.4813 0 58.4109 1.46027 
15.625 24.5867 20.4373 0 58.5132 1.46283 
15.65 24.5262 20.3932 0 58.6153 1.46538 
15.675 24.4659 20.349 0 58.7171 1.46793 
15.7 24.4059 20.3048 0 58.8188 1.47047 
15.725 24.3462 20.2606 0 58.9202 1.473 
15.75 24.2868 20.2163 0 59.0214 1.47553 
15.775 24.2277 20.1719 0 59.1223 1.47806 
15.8 24.1688 20.1275 0 59.2231 1.48058 
15.825 24.1102 20.0831 0 59.3236 1.48309 
15.85 24.0519 20.0386 0 59.4239 1.4856 
15.875 23.9938 19.9941 0 59.524 1.4881 
15.9 23.936 19.9496 0 59.6239 1.4906 
15.925 23.8785 19.905 0 59.7235 1.49309 
15.95 23.8212 19.8603 0 59.8229 1.49557 
15.975 23.7642 19.8157 0 59.9221 1.49805 
16 23.7075 19.771 0 60.0211 1.50053 
16.025 23.651 19.7262 0 60.1198 1.503 
16.05 23.5948 19.6815 0 60.2183 1.50546 
16.075 23.5388 19.6367 0 60.3166 1.50792 
16.1 23.4831 19.5918 0 60.4147 1.51037 
16.125 23.4277 19.547 0 60.5125 1.51281 
16.15 23.3725 19.5021 0 60.6102 1.51525 
16.175 23.3175 19.4572 0 60.7076 1.51769 
16.2 23.2629 19.4123 0 60.8047 1.52012 
16.225 23.2084 19.3673 0 60.9017 1.52254 
16.25 23.1543 19.3224 0 60.9984 1.52496 
16.275 23.1003 19.2774 0 61.0949 1.52737 
16.3 23.0467 19.2324 0 61.1912 1.52978 
16.325 22.9933 19.1873 0 61.2872 1.53218 
16.35 22.9401 19.1423 0 61.3831 1.53458 
16.375 22.8871 19.0972 0 61.4787 1.53697 
16.4 22.8345 19.0522 0 61.574 1.53935 
16.425 22.782 19.0071 0 61.6692 1.54173 
16.45 22.7298 18.962 0 61.7641 1.5441 
16.475 22.6779 18.9169 0 61.8588 1.54647 
16.5 22.6262 18.8717 0 61.9533 1.54883 
16.525 22.5747 18.8266 0 62.0475 1.55119 
16.55 22.5234 18.7815 0 62.1415 1.55354 
16.575 22.4725 18.7363 0 62.2353 1.55588 
16.6 22.4217 18.6912 0 62.3289 1.55822 
16.625 22.3712 18.646 0 62.4222 1.56056 
16.65 22.3209 18.6009 0 62.5154 1.56288 
16.675 22.2708 18.5557 0 62.6082 1.56521 
16.7 22.221 18.5106 0 62.7009 1.56752 
16.725 22.1714 18.4654 0 62.7934 1.56983 
16.75 22.122 18.4203 0 62.8856 1.57214 
16.775 22.0729 18.3751 0 62.9776 1.57444 
16.8 22.024 18.33 0 63.0693 1.57673 
16.825 21.9753 18.2848 0 63.1609 1.57902 
16.85 21.9269 18.2397 0 63.2522 1.5813 
16.875 21.8786 18.1945 0 63.3432 1.58358 
16.9 21.8306 18.1494 0 63.4341 1.58585 
16.925 21.7829 18.1043 0 63.5247 1.58812 
16.95 21.7353 18.0592 0 63.6152 1.59038 
16.975 21.688 18.0141 0 63.7053 1.59263 
17 21.6408 17.969 0 63.7953 1.59488 
17.025 21.5939 17.9239 0 63.885 1.59713 
17.05 21.5473 17.8788 0 63.9745 1.59936 
17.075 21.5008 17.8338 0 64.0638 1.6016 
17.1 21.4546 17.7888 0 64.1529 1.60382 
17.125 21.4085 17.7437 0 64.2417 1.60604 
17.15 21.3627 17.6987 0 64.3303 1.60826 
17.175 21.3171 17.6537 0 64.4187 1.61047 
17.2 21.2717 17.6088 0 64.5068 1.61267 
17.225 21.2265 17.5638 0 64.5948 1.61487 
17.25 21.1816 17.5189 0 64.6825 1.61706 
17.275 21.1368 17.474 0 64.77 1.61925 
17.3 21.0922 17.4291 0 64.8572 1.62143 
17.325 21.0479 17.3842 0 64.9443 1.62361 
17.35 21.0037 17.3394 0 65.0311 1.62578 
17.375 20.9598 17.2946 0 65.1177 1.62794 
17.4 20.9161 17.2498 0 65.204 1.6301 
17.425 20.8726 17.205 0 65.2901 1.63225 
17.45 20.8292 17.1603 0 65.3761 1.6344 
17.475 20.7861 17.1156 0 65.4618 1.63654 
17.5 20.7432 17.0709 0 65.5472 1.63868 
17.525 20.7005 17.0263 0 65.6325 1.64081 
17.55 20.6579 16.9817 0 65.7175 1.64294 
17.575 20.6156 16.9371 0 65.8023 1.64506 
17.6 20.5735 16.8925 0 65.8869 1.64717 
17.625 20.5315 16.848 0 65.9712 1.64928 
17.65 20.4898 16.8035 0 66.0553 1.65138 
17.675 20.4483 16.759 0 66.1392 1.65348 
17.7 20.4069 16.7146 0 66.2229 1.65557 
17.725 20.3657 16.6702 0 66.3064 1.65766 
17.75 20.3248 16.6259 0 66.3896 1.65974 
17.775 20.284 16.5816 0 66.4726 1.66182 
17.8 20.2434 16.5373 0 66.5554 1.66389 
17.825 20.203 16.493 0 66.638 1.66595 
17.85 20.1628 16.4488 0 66.7204 1.66801 
17.875 20.1228 16.4047 0 66.8025 1.67006 
17.9 20.0829 16.3606 0 66.8844 1.67211 
17.925 20.0433 16.3165 0 66.9661 1.67415 
17.95 20.0038 16.2724 0 67.0476 1.67619 
17.975 19.9645 16.2284 0 67.1288 1.67822 
18 19.9254 16.1845 0 67.2099 1.68025 
18.025 19.8865 16.1406 0 67.2907 1.68227 
18.05 19.8477 16.0967 0 67.3713 1.68428 
18.075 19.8092 16.0529 0 67.4516 1.68629 
18.1 19.7708 16.0091 0 67.5318 1.6883 
18.125 19.7326 15.9654 0 67.6117 1.69029 
18.15 19.6945 15.9217 0 67.6915 1.69229 
18.175 19.6567 15.8781 0 67.771 1.69427 
18.2 19.619 15.8345 0 67.8502 1.69626 
18.225 19.5815 15.791 0 67.9293 1.69823 
18.25 19.5442 15.7475 0 68.0081 1.7002 
18.275 19.507 15.704 0 68.0868 1.70217 
18.3 19.47 15.6606 0 68.1652 1.70413 
18.325 19.4332 15.6173 0 68.2434 1.70608 
18.35 19.3966 15.574 0 68.3214 1.70803 
18.375 19.3601 15.5308 0 68.3991 1.70998 
18.4 19.3238 15.4876 0 68.4767 1.71192 
18.425 19.2877 15.4445 0 68.554 1.71385 
18.45 19.2517 15.4014 0 68.6311 1.71578 
18.475 19.2159 15.3584 0 68.708 1.7177 
18.5 19.1803 15.3154 0 68.7847 1.71962 
18.525 19.1448 15.2725 0 68.8612 1.72153 
18.55 19.1095 15.2297 0 68.9374 1.72344 
18.575 19.0743 15.1869 0 69.0135 1.72534 
18.6 19.0394 15.1441 0 69.0893 1.72723 
18.625 19.0045 15.1014 0 69.1649 1.72912 
18.65 18.9699 15.0588 0 69.2403 1.73101 
18.675 18.9354 15.0162 0 69.3155 1.73289 
18.7 18.9011 14.9737 0 69.3905 1.73476 
18.725 18.8669 14.9313 0 69.4652 1.73663 
18.75 18.8329 14.8889 0 69.5398 1.73849 
18.775 18.799 14.8465 0 69.6141 1.74035 
18.8 18.7653 14.8043 0 69.6882 1.74221 
18.825 18.7317 14.7621 0 69.7622 1.74405 
18.85 18.6983 14.7199 0 69.8359 1.7459 
18.875 18.6651 14.6778 0 69.9094 1.74773 
18.9 18.632 14.6358 0 69.9826 1.74957 
18.925 18.5991 14.5938 0 70.0557 1.75139 
18.95 18.5663 14.5519 0 70.1286 1.75321 
18.975 18.5336 14.5101 0 70.2012 1.75503 
19 18.5012 14.4683 0 70.2737 1.75684 
19.025 18.4688 14.4266 0 70.3459 1.75865 
19.05 18.4366 14.385 0 70.4179 1.76045 
19.075 18.4046 14.3434 0 70.4898 1.76224 
19.1 18.3727 14.3019 0 70.5614 1.76403 
19.125 18.341 14.2604 0 70.6328 1.76582 
19.15 18.3094 14.219 0 70.704 1.7676 
19.175 18.2779 14.1777 0 70.775 1.76937 
19.2 18.2466 14.1365 0 70.8458 1.77114 
19.225 18.2155 14.0953 0 70.9163 1.77291 
19.25 18.1844 14.0542 0 70.9867 1.77467 
19.275 18.1536 14.0131 0 71.0569 1.77642 
19.3 18.1228 13.9722 0 71.1268 1.77817 
19.325 18.0922 13.9313 0 71.1966 1.77992 
19.35 18.0618 13.8904 0 71.2662 1.78165 
19.375 18.0315 13.8496 0 71.3355 1.78339 
19.4 18.0013 13.8089 0 71.4047 1.78512 
19.425 17.9713 13.7683 0 71.4736 1.78684 
19.45 17.9414 13.7277 0 71.5423 1.78856 
19.475 17.9116 13.6873 0 71.6109 1.79027 
19.5 17.882 13.6468 0 71.6792 1.79198 
19.525 17.8525 13.6065 0 71.7473 1.79368 
19.55 17.8231 13.5662 0 71.8153 1.79538 
19.575 17.7939 13.526 0 71.883 1.79708 
19.6 17.7648 13.4859 0 71.9505 1.79876 
19.625 17.7359 13.4458 0 72.0179 1.80045 
19.65 17.7071 13.4058 0 72.085 1.80212 
19.675 17.6784 13.3659 0 72.1519 1.8038 
19.7 17.6498 13.3261 0 72.2187 1.80547 
19.725 17.6214 13.2863 0 72.2852 1.80713 
19.75 17.5931 13.2466 0 72.3515 1.80879 
19.775 17.5649 13.207 0 72.4177 1.81044 
19.8 17.5369 13.1674 0 72.4836 1.81209 
19.825 17.509 13.128 0 72.5493 1.81373 
19.85 17.4812 13.0886 0 72.6149 1.81537 
19.875 17.4535 13.0492 0 72.6802 1.81701 
19.9 17.426 13.01 0 72.7454 1.81863 
19.925 17.3986 12.9708 0 72.8103 1.82026 
19.95 17.3713 12.9317 0 72.8751 1.82188 
19.975 17.3442 12.8927 0 72.9396 1.82349 
20 17.3172 12.8537 0 73.004 1.8251 
20.025 17.2903 12.8149 0 73.0682 1.8267 
20.05 17.2635 12.7761 0 73.1321 1.8283 
20.075 17.2368 12.7374 0 73.1959 1.8299 
20.1 17.2103 12.6987 0 73.2595 1.83149 
20.125 17.1838 12.6602 0 73.3229 1.83307 
20.15 17.1575 12.6217 0 73.3861 1.83465 
20.175 17.1314 12.5833 0 73.4491 1.83623 
20.2 17.1053 12.5449 0 73.5119 1.8378 
20.225 17.0794 12.5067 0 73.5746 1.83936 
20.25 17.0535 12.4685 0 73.637 1.84093 
20.275 17.0278 12.4304 0 73.6993 1.84248 
20.3 17.0022 12.3924 0 73.7613 1.84403 
20.325 16.9768 12.3545 0 73.8232 1.84558 
20.35 16.9514 12.3166 0 73.8849 1.84712 
20.375 16.9262 12.2788 0 73.9464 1.84866 
20.4 16.901 12.2411 0 74.0077 1.85019 
20.425 16.876 12.2035 0 74.0688 1.85172 
20.45 16.8511 12.1659 0 74.1297 1.85324 
20.475 16.8263 12.1285 0 74.1904 1.85476 
20.5 16.8017 12.0911 0 74.251 1.85627 
20.525 16.7771 12.0538 0 74.3113 1.85778 
20.55 16.7526 12.0166 0 74.3715 1.85929 
20.575 16.7283 11.9794 0 74.4315 1.86079 
20.6 16.7041 11.9423 0 74.4913 1.86228 
20.625 16.68 11.9053 0 74.5509 1.86377 
20.65 16.6559 11.8684 0 74.6104 1.86526 
20.675 16.632 11.8316 0 74.6696 1.86674 
20.7 16.6082 11.7949 0 74.7287 1.86822 
20.725 16.5845 11.7582 0 74.7876 1.86969 
20.75 16.561 11.7216 0 74.8463 1.87116 
20.775 16.5375 11.6851 0 74.9048 1.87262 
20.8 16.5141 11.6487 0 74.9631 1.87408 
20.825 16.4909 11.6124 0 75.0213 1.87553 
20.85 16.4677 11.5761 0 75.0792 1.87698 
20.875 16.4446 11.5399 0 75.137 1.87843 
20.9 16.4217 11.5038 0 75.1946 1.87987 
20.925 16.3988 11.4678 0 75.2521 1.8813 
20.95 16.3761 11.4319 0 75.3093 1.88273 
20.975 16.3535 11.396 0 75.3664 1.88416 
21 16.3309 11.3602 0 75.4233 1.88558 
21.025 16.3085 11.3245 0 75.48 1.887 
21.05 16.2861 11.2889 0 75.5365 1.88841 
21.075 16.2639 11.2534 0 75.5929 1.88982 
21.1 16.2418 11.218 0 75.649 1.89123 
21.125 16.2197 11.1826 0 75.705 1.89263 
21.15 16.1978 11.1473 0 75.7609 1.89402 
21.175 16.1759 11.1121 0 75.8165 1.89541 
21.2 16.1542 11.077 0 75.872 1.8968 
21.225 16.1326 11.042 0 75.9273 1.89818 
21.25 16.111 11.007 0 75.9824 1.89956 
21.275 16.0896 10.9722 0 76.0374 1.90093 
21.3 16.0682 10.9374 0 76.0921 1.9023 
21.325 16.0469 10.9027 0 76.1467 1.90367 
21.35 16.0258 10.868 0 76.2012 1.90503 
21.375 16.0047 10.8335 0 76.2554 1.90639 
21.4 15.9837 10.799 0 76.3095 1.90774 
21.425 15.9628 10.7647 0 76.3634 1.90909 
21.45 15.9421 10.7304 0 76.4171 1.91043 
21.475 15.9214 10.6962 0 76.4707 1.91177 
21.5 15.9008 10.662 0 76.5241 1.9131 
21.525 15.8802 10.628 0 76.5773 1.91443 
21.55 15.8598 10.594 0 76.6304 1.91576 
21.575 15.8395 10.5601 0 76.6833 1.91708 
21.6 15.8193 10.5264 0 76.736 1.9184 
21.625 15.7991 10.4926 0 76.7885 1.91971 
21.65 15.7791 10.459 0 76.8409 1.92102 
21.675 15.7591 10.4255 0 76.8931 1.92233 
21.7 15.7392 10.392 0 76.9452 1.92363 
21.725 15.7194 10.3586 0 76.997 1.92493 
21.75 15.6997 10.3253 0 77.0488 1.92622 
21.775 15.6801 10.2921 0 77.1003 1.92751 
21.8 15.6606 10.259 0 77.1517 1.92879 
21.825 15.6411 10.2259 0 77.2029 1.93007 
21.85 15.6218 10.1929 0 77.2539 1.93135 
21.875 15.6025 10.1601 0 77.3048 1.93262 
21.9 15.5833 10.1273 0 77.3555 1.93389 
21.925 15.5642 10.0945 0 77.4061 1.93515 
21.95 15.5452 10.0619 0 77.4565 1.93641 
21.975 15.5263 10.0293 0 77.5067 1.93767 
22 15.5074 9.99687 0 77.5568 1.93892 
22.025 15.4887 9.96448 0 77.6067 1.94017 
22.05 15.47 9.93217 0 77.6564 1.94141 
22.075 15.4514 9.89994 0 77.706 1.94265 
22.1 15.4329 9.8678 0 77.7554 1.94389 
22.125 15.4145 9.83574 0 77.8047 1.94512 
22.15 15.3961 9.80377 0 77.8538 1.94634 
22.175 15.3778 9.77187 0 77.9027 1.94757 
22.2 15.3597 9.74006 0 77.9515 1.94879 
22.225 15.3416 9.70833 0 78.0001 1.95 
22.25 15.3235 9.67668 0 78.0486 1.95121 
22.275 15.3056 9.64512 0 78.0969 1.95242 
22.3 15.2877 9.61363 0 78.145 1.95363 
22.325 15.2699 9.58223 0 78.193 1.95483 
22.35 15.2522 9.55092 0 78.2409 1.95602 
22.375 15.2346 9.51968 0 78.2885 1.95721 
22.4 15.217 9.48852 0 78.336 1.9584 
22.425 15.1995 9.45745 0 78.3834 1.95959 
22.45 15.1821 9.42646 0 78.4306 1.96077 
22.475 15.1648 9.39555 0 78.4777 1.96194 
22.5 15.1476 9.36473 0 78.5246 1.96311 
22.525 15.1304 9.33398 0 78.5713 1.96428 
22.55 15.1133 9.30332 0 78.6179 1.96545 
22.575 15.0963 9.27274 0 78.6644 1.96661 
22.6 15.0793 9.24224 0 78.7106 1.96777 
22.625 15.0625 9.21182 0 78.7568 1.96892 
22.65 15.0457 9.18149 0 78.8028 1.97007 
22.675 15.029 9.15123 0 78.8486 1.97121 
22.7 15.0123 9.12106 0 78.8943 1.97236 
22.725 14.9957 9.09097 0 78.9398 1.9735 
22.75 14.9792 9.06096 0 78.9852 1.97463 
22.775 14.9628 9.03103 0 79.0304 1.97576 
22.8 14.9464 9.00118 0 79.0755 1.97689 
22.825 14.9301 8.97141 0 79.1204 1.97801 
22.85 14.9139 8.94173 0 79.1652 1.97913 
22.875 14.8978 8.91212 0 79.2098 1.98025 
22.9 14.8817 8.8826 0 79.2543 1.98136 
22.925 14.8657 8.85316 0 79.2987 1.98247 
22.95 14.8498 8.82379 0 79.3429 1.98357 
22.975 14.8339 8.79451 0 79.3869 1.98467 
23 14.8181 8.76531 0 79.4308 1.98577 
23.025 14.8024 8.73619 0 79.4746 1.98686 
23.05 14.7867 8.70715 0 79.5182 1.98795 
23.075 14.7711 8.67819 0 79.5616 1.98904 
23.1 14.7556 8.6493 0 79.605 1.99012 
23.125 14.7402 8.6205 0 79.6481 1.9912 
23.15 14.7248 8.59178 0 79.6912 1.99228 
23.175 14.7095 8.56314 0 79.734 1.99335 
23.2 14.6942 8.53458 0 79.7768 1.99442 
23.225 14.679 8.5061 0 79.8194 1.99548 
23.25 14.6639 8.4777 0 79.8618 1.99655 
23.275 14.6489 8.44938 0 79.9042 1.9976 
23.3 14.6339 8.42114 0 79.9463 1.99866 
23.325 14.6189 8.39297 0 79.9884 1.99971 
23.35 14.6041 8.36489 0 80.0303 2.00076 
23.375 14.5893 8.33688 0 80.072 2.0018 
23.4 14.5746 8.30896 0 80.1136 2.00284 
23.425 14.5599 8.28111 0 80.1551 2.00388 
23.45 14.5453 8.25334 0 80.1965 2.00491 
23.475 14.5308 8.22565 0 80.2377 2.00594 
23.5 14.5163 8.19804 0 80.2787 2.00697 
23.525 14.5019 8.17051 0 80.3196 2.00799 
23.55 14.4875 8.14306 0 80.3604 2.00901 
23.575 14.4732 8.11568 0 80.4011 2.01003 
23.6 14.459 8.08838 0 80.4416 2.01104 
23.625 14.4448 8.06116 0 80.4819 2.01205 
23.65 14.4307 8.03402 0 80.5222 2.01305 
23.675 14.4167 8.00696 0 80.5623 2.01406 
23.7 14.4027 7.97997 0 80.6023 2.01506 
23.725 14.3888 7.95306 0 80.6421 2.01605 
23.75 14.3749 7.92623 0 80.6818 2.01704 
23.775 14.3611 7.89948 0 80.7213 2.01803 
23.8 14.3474 7.8728 0 80.7608 2.01902 
23.825 14.3337 7.8462 0 80.8001 2.02 
23.85 14.3201 7.81968 0 80.8392 2.02098 
23.875 14.3065 7.79324 0 80.8783 2.02196 
23.9 14.293 7.76687 0 80.9172 2.02293 
23.925 14.2796 7.74058 0 80.9559 2.0239 
23.95 14.2662 7.71436 0 80.9946 2.02486 
23.975 14.2529 7.68822 0 81.0331 2.02583 
24 14.2396 7.66216 0 81.0715 2.02679 
24.025 14.2264 7.63618 0 81.1097 2.02774 
24.05 14.2132 7.61027 0 81.1478 2.0287 
24.075 14.2001 7.58443 0 81.1858 2.02965 
24.1 14.1871 7.55867 0 81.2237 2.03059 
24.125 14.1741 7.53299 0 81.2614 2.03153 
24.15 14.1611 7.50738 0 81.299 2.03247 
24.175 14.1483 7.48185 0 81.3365 2.03341 
24.2 14.1354 7.4564 0 81.3738 2.03435 
24.225 14.1227 7.43102 0 81.411 2.03528 
24.25 14.11 7.40571 0 81.4481 2.0362 
24.275 14.0973 7.38048 0 81.4851 2.03713 
24.3 14.0847 7.35532 0 81.5219 2.03805 
24.325 14.0721 7.33024 0 81.5586 2.03897 
24.35 14.0597 7.30523 0 81.5952 2.03988 
24.375 14.0472 7.2803 0 81.6317 2.04079 
24.4 14.0348 7.25544 0 81.668 2.0417 
24.425 14.0225 7.23066 0 81.7043 2.04261 
24.45 14.0102 7.20595 0 81.7403 2.04351 
24.475 13.998 7.18131 0 81.7763 2.04441 
24.5 13.9858 7.15675 0 81.8122 2.0453 
24.525 13.9737 7.13226 0 81.8479 2.0462 
24.55 13.9616 7.10785 0 81.8835 2.04709 
24.575 13.9496 7.0835 0 81.919 2.04797 
24.6 13.9376 7.05923 0 81.9543 2.04886 
24.625 13.9257 7.03504 0 81.9895 2.04974 
24.65 13.9138 7.01092 0 82.0247 2.05062 
24.675 13.902 6.98687 0 82.0597 2.05149 
24.7 13.8902 6.96289 0 82.0945 2.05236 
24.725 13.8785 6.93898 0 82.1293 2.05323 
24.75 13.8668 6.91515 0 82.1639 2.0541 
24.775 13.8552 6.89139 0 82.1984 2.05496 
24.8 13.8436 6.8677 0 82.2328 2.05582 
24.825 13.8321 6.84408 0 82.2671 2.05668 
24.85 13.8207 6.82054 0 82.3013 2.05753 
24.875 13.8092 6.79707 0 82.3353 2.05838 
24.9 13.7979 6.77366 0 82.3692 2.05923 
24.925 13.7865 6.75033 0 82.4031 2.06008 
24.95 13.7753 6.72707 0 82.4368 2.06092 
24.975 13.764 6.70389 0 82.4703 2.06176 
25 13.7528 6.68077 0 82.5038 2.06259 
25.025 13.7417 6.65772 0 82.5371 2.06343 
25.05 13.7306 6.63475 0 82.5704 2.06426 
25.075 13.7196 6.61184 0 82.6035 2.06509 
25.1 13.7086 6.58901 0 82.6365 2.06591 
25.125 13.6977 6.56624 0 82.6694 2.06673 
25.15 13.6868 6.54355 0 82.7021 2.06755 
25.175 13.6759 6.52092 0 82.7348 2.06837 
25.2 13.6651 6.49837 0 82.7674 2.06918 
25.225 13.6543 6.47588 0 82.7998 2.06999 
25.25 13.6436 6.45347 0 82.8321 2.0708 
25.275 13.6329 6.43112 0 82.8643 2.07161 
25.3 13.6223 6.40884 0 82.8964 2.07241 
25.325 13.6117 6.38664 0 82.9284 2.07321 
25.35 13.6012 6.3645 0 82.9603 2.07401 
25.375 13.5907 6.34243 0 82.9921 2.0748 
25.4 13.5803 6.32042 0 83.0237 2.07559 
25.425 13.5699 6.29849 0 83.0553 2.07638 
25.45 13.5595 6.27662 0 83.0867 2.07717 
25.475 13.5492 6.25483 0 83.118 2.07795 
25.5 13.5389 6.2331 0 83.1493 2.07873 
25.525 13.5287 6.21144 0 83.1804 2.07951 
25.55 13.5185 6.18984 0 83.2114 2.08028 
25.575 13.5084 6.16832 0 83.2423 2.08106 
25.6 13.4983 6.14686 0 83.273 2.08183 
25.625 13.4882 6.12547 0 83.3037 2.08259 
25.65 13.4782 6.10414 0 83.3343 2.08336 
25.675 13.4682 6.08288 0 83.3648 2.08412 
25.7 13.4583 6.06169 0 83.3951 2.08488 
25.725 13.4484 6.04057 0 83.4254 2.08563 
25.75 13.4386 6.01951 0 83.4555 2.08639 
25.775 13.4288 5.99852 0 83.4856 2.08714 
25.8 13.419 5.97759 0 83.5155 2.08789 
25.825 13.4093 5.95674 0 83.5454 2.08863 
25.85 13.3996 5.93594 0 83.5751 2.08938 
25.875 13.39 5.91521 0 83.6047 2.09012 
25.9 13.3804 5.89455 0 83.6342 2.09086 
25.925 13.3708 5.87396 0 83.6637 2.09159 
25.95 13.3613 5.85342 0 83.693 2.09232 
25.975 13.3518 5.83296 0 83.7222 2.09305 
26 13.3424 5.81256 0 83.7513 2.09378 
26.025 13.3329 5.79222 0 83.7803 2.09451 
26.05 13.3236 5.77195 0 83.8092 2.09523 
26.075 13.3143 5.75174 0 83.838 2.09595 
26.1 13.305 5.7316 0 83.8668 2.09667 
26.125 13.2957 5.71152 0 83.8954 2.09738 
26.15 13.2865 5.6915 0 83.9239 2.0981 
26.175 13.2774 5.67155 0 83.9523 2.09881 
26.2 13.2682 5.65167 0 83.9806 2.09951 
26.225 13.2591 5.63184 0 84.0088 2.10022 
26.25 13.2501 5.61208 0 84.0369 2.10092 
26.275 13.2411 5.59238 0 84.0649 2.10162 
26.3 13.2321 5.57275 0 84.0928 2.10232 
26.325 13.2232 5.55318 0 84.1206 2.10302 
26.35 13.2143 5.53367 0 84.1484 2.10371 
26.375 13.2054 5.51423 0 84.176 2.1044 
26.4 13.1966 5.49484 0 84.2035 2.10509 
26.425 13.1878 5.47552 0 84.2309 2.10577 
26.45 13.179 5.45626 0 84.2583 2.10646 
26.475 13.1703 5.43707 0 84.2855 2.10714 
26.5 13.1616 5.41793 0 84.3126 2.10782 
26.525 13.153 5.39886 0 84.3397 2.10849 
26.55 13.1444 5.37985 0 84.3666 2.10917 
26.575 13.1358 5.3609 0 84.3935 2.10984 
26.6 13.1273 5.34201 0 84.4202 2.11051 
26.625 13.1188 5.32318 0 84.4469 2.11117 
26.65 13.1103 5.30441 0 84.4735 2.11184 
26.675 13.1019 5.28571 0 84.4999 2.1125 
26.7 13.0935 5.26706 0 84.5263 2.11316 
26.725 13.0851 5.24848 0 84.5526 2.11381 
26.75 13.0768 5.22995 0 84.5788 2.11447 
26.775 13.0685 5.21149 0 84.6049 2.11512 
26.8 13.0602 5.19308 0 84.6309 2.11577 
26.825 13.052 5.17474 0 84.6568 2.11642 
26.85 13.0438 5.15646 0 84.6827 2.11707 
26.875 13.0357 5.13823 0 84.7084 2.11771 
26.9 13.0275 5.12006 0 84.734 2.11835 
26.925 13.0195 5.10196 0 84.7596 2.11899 
26.95 13.0114 5.08391 0 84.7851 2.11963 
26.975 13.0034 5.06592 0 84.8104 2.12026 
27 12.9954 5.04799 0 84.8357 2.12089 
27.025 12.9874 5.03012 0 84.8609 2.12152 
27.05 12.9795 5.01231 0 84.886 2.12215 
27.075 12.9716 4.99455 0 84.911 2.12278 
27.1 12.9638 4.97686 0 84.936 2.1234 
27.125 12.956 4.95922 0 84.9608 2.12402 
27.15 12.9482 4.94164 0 84.9856 2.12464 
27.175 12.9404 4.92412 0 85.0102 2.12526 
27.2 12.9327 4.90665 0 85.0348 2.12587 
27.225 12.925 4.88925 0 85.0593 2.12648 
27.25 12.9173 4.8719 0 85.0837 2.12709 
27.275 12.9097 4.8546 0 85.108 2.1277 
27.3 12.9021 4.83737 0 85.1322 2.12831 
27.325 12.8945 4.82019 0 85.1564 2.12891 
27.35 12.887 4.80306 0 85.1804 2.12951 
27.375 12.8795 4.786 0 85.2044 2.13011 
27.4 12.872 4.76899 0 85.2283 2.13071 
27.425 12.8646 4.75203 0 85.2521 2.1313 
27.45 12.8571 4.73514 0 85.2758 2.1319 
27.475 12.8498 4.7183 0 85.2995 2.13249 
27.5 12.8424 4.70151 0 85.323 2.13308 
27.525 12.8351 4.68478 0 85.3465 2.13366 
27.55 12.8278 4.6681 0 85.3698 2.13425 
27.575 12.8205 4.65148 0 85.3931 2.13483 
27.6 12.8133 4.63492 0 85.4164 2.13541 
27.625 12.8061 4.61841 0 85.4395 2.13599 
27.65 12.7989 4.60195 0 85.4625 2.13656 
27.675 12.7918 4.58555 0 85.4855 2.13714 
27.7 12.7847 4.56921 0 85.5084 2.13771 
27.725 12.7776 4.55292 0 85.5312 2.13828 
27.75 12.7705 4.53668 0 85.5539 2.13885 
27.775 12.7635 4.5205 0 85.5766 2.13941 
27.8 12.7565 4.50437 0 85.5991 2.13998 
27.825 12.7495 4.48829 0 85.6216 2.14054 
27.85 12.7426 4.47227 0 85.644 2.1411 
27.875 12.7357 4.4563 0 85.6663 2.14166 
27.9 12.7288 4.44039 0 85.6886 2.14221 
27.925 12.722 4.42453 0 85.7107 2.14277 
27.95 12.7151 4.40872 0 85.7328 2.14332 
27.975 12.7083 4.39296 0 85.7548 2.14387 
28 12.7016 4.37726 0 85.7768 2.14442 
28.025 12.6948 4.36161 0 85.7986 2.14497 
28.05 12.6881 4.34601 0 85.8204 2.14551 
28.075 12.6814 4.33047 0 85.8421 2.14605 
28.1 12.6748 4.31497 0 85.8637 2.14659 
28.125 12.6681 4.29953 0 85.8852 2.14713 
28.15 12.6615 4.28414 0 85.9067 2.14767 
28.175 12.6549 4.2688 0 85.9281 2.1482 
28.2 12.6484 4.25352 0 85.9494 2.14873 
28.225 12.6419 4.23828 0 85.9706 2.14926 
28.25 12.6354 4.2231 0 85.9917 2.14979 
28.275 12.6289 4.20797 0 86.0128 2.15032 
28.3 12.6224 4.19288 0 86.0338 2.15085 
28.325 12.616 4.17785 0 86.0548 2.15137 
28.35 12.6096 4.16287 0 86.0756 2.15189 
28.375 12.6033 4.14794 0 86.0964 2.15241 
28.4 12.5969 4.13307 0 86.1171 2.15293 
28.425 12.5906 4.11824 0 86.1377 2.15344 
28.45 12.5843 4.10346 0 86.1583 2.15396 
28.475 12.5781 4.08873 0 86.1787 2.15447 
28.5 12.5718 4.07405 0 86.1992 2.15498 
28.525 12.5656 4.05942 0 86.2195 2.15549 
28.55 12.5594 4.04484 0 86.2397 2.15599 
28.575 12.5533 4.03031 0 86.2599 2.1565 
28.6 12.5471 4.01583 0 86.2801 2.157 
28.625 12.541 4.0014 0 86.3001 2.1575 
28.65 12.5349 3.98701 0 86.3201 2.158 
28.675 12.5289 3.97268 0 86.34 2.1585 
28.7 12.5228 3.95839 0 86.3598 2.15899 
28.725 12.5168 3.94415 0 86.3795 2.15949 
28.75 12.5108 3.92997 0 86.3992 2.15998 
28.775 12.5049 3.91582 0 86.4188 2.16047 
28.8 12.4989 3.90173 0 86.4384 2.16096 
28.825 12.493 3.88769 0 86.4579 2.16145 
28.85 12.4871 3.87369 0 86.4773 2.16193 
28.875 12.4812 3.85974 0 86.4966 2.16242 
28.9 12.4754 3.84584 0 86.5159 2.1629 
28.925 12.4696 3.83198 0 86.5351 2.16338 
28.95 12.4638 3.81818 0 86.5542 2.16385 
28.975 12.458 3.80442 0 86.5732 2.16433 
29 12.4523 3.7907 0 86.5922 2.16481 
29.025 12.4465 3.77704 0 86.6111 2.16528 
29.05 12.4408 3.76342 0 86.63 2.16575 
29.075 12.4352 3.74985 0 86.6488 2.16622 
29.1 12.4295 3.73632 0 86.6675 2.16669 
29.125 12.4239 3.72284 0 86.6861 2.16715 
29.15 12.4183 3.7094 0 86.7047 2.16762 
29.175 12.4127 3.69602 0 86.7232 2.16808 
29.2 12.4071 3.68267 0 86.7417 2.16854 
29.225 12.4016 3.66938 0 86.7601 2.169 
29.25 12.396 3.65613 0 86.7784 2.16946 
29.275 12.3905 3.64292 0 86.7966 2.16992 
29.3 12.3851 3.62976 0 86.8148 2.17037 
29.325 12.3796 3.61664 0 86.8329 2.17082 
29.35 12.3742 3.60357 0 86.851 2.17127 
29.375 12.3688 3.59055 0 86.869 2.17172 
29.4 12.3634 3.57757 0 86.8869 2.17217 
29.425 12.358 3.56463 0 86.9047 2.17262 
29.45 12.3527 3.55174 0 86.9225 2.17306 
29.475 12.3473 3.53889 0 86.9403 2.17351 
29.5 12.342 3.52609 0 86.9579 2.17395 
29.525 12.3368 3.51333 0 86.9755 2.17439 
29.55 12.3315 3.50062 0 86.9931 2.17483 
29.575 12.3263 3.48795 0 87.0105 2.17526 
29.6 12.3211 3.47532 0 87.0279 2.1757 
29.625 12.3159 3.46274 0 87.0453 2.17613 
29.65 12.3107 3.45019 0 87.0626 2.17656 
29.675 12.3055 3.4377 0 87.0798 2.17699 
29.7 12.3004 3.42524 0 87.0969 2.17742 
29.725 12.2953 3.41283 0 87.114 2.17785 
29.75 12.2902 3.40046 0 87.1311 2.17828 
29.775 12.2851 3.38814 0 87.148 2.1787 
29.8 12.2801 3.37586 0 87.1649 2.17912 
29.825 12.275 3.36362 0 87.1818 2.17954 
29.85 12.27 3.35142 0 87.1986 2.17996 
29.875 12.265 3.33926 0 87.2153 2.18038 
29.9 12.2601 3.32715 0 87.232 2.1808 
29.925 12.2551 3.31508 0 87.2486 2.18121 
29.95 12.2502 3.30305 0 87.2651 2.18163 
29.975 12.2453 3.29106 0 87.2816 2.18204 
30 12.2404 3.27911 0 87.298 2.18245 
