0 0.01 0.25 0.5
0.01 0.0099999 1.24384 9.0184
0.02 0.0099998 1.39838 2.03309
0.03 0.0099997 1.49887 4.38945
0.04 0.0099996 1.57204 4.40276
0.05 0.0099995 1.6288 4.41505
0.06 0.0099994 1.67467 4.42646
0.07 0.0099993 1.71283 4.43708
0.08 0.0099992 1.74528 4.447
0.09 0.0099991 1.77334 4.45629
0.1 0.009999 1.79795 4.46503
0.11 0.0099989 1.81977 4.47326
0.12 0.0099988 1.83931 4.48103
0.13 0.0099987 1.85693 4.48838
0.14 0.0099986 1.87295 4.49536
0.15 0.0099985 1.88759 4.50198
0.16 0.0099984 1.90104 4.50829
0.17 0.0099983 1.91347 4.5143
0.18 0.0099982 1.92498 4.52004
0.19 0.0099981 1.9357 4.52552
0.2 0.009998 1.94571 4.53077
0.21 0.0099979 1.95509 4.53581
0.22 0.0099978 1.96389 4.54064
0.23 0.0099977 1.97219 4.54528
0.24 0.0099976 1.98002 4.54974
0.25 0.0099975 1.98743 4.55404
0.26 0.0099974 1.99445 4.55818
0.27 0.0099973 2.00112 4.56217
0.28 0.0099972 2.00746 4.56603
0.29 0.0099971 2.01351 4.56975
0.3 0.009997 2.01929 4.57336
0.31 0.0099969 2.0248 4.57684
0.32 0.0099968 2.03009 4.58022
0.33 0.0099967 2.03515 4.58349
0.34 0.0099966 2.04 4.58666
0.35 0.0099965 2.04467 4.58973
0.36 0.0099964 2.04916 4.59272
0.37 0.0099963 2.05348 4.59562
0.38 0.0099962 2.05764 4.59844
0.39 0.0099961 2.06165 4.60118
0.4 0.009996 2.06552 4.60385
0.41 0.0099959 2.06926 4.60645
0.42 0.0099958 2.07288 4.60898
0.43 0.0099957 2.07638 4.61144
0.44 0.0099956 2.07977 4.61385
0.45 0.0099955 2.08306 4.61619
0.46 0.0099954 2.08624 4.61848
0.47 0.0099953 2.08933 4.62071
0.48 0.0099952 2.09233 4.62289
0.49 0.0099951 2.09524 4.62501
0.5 0.009995 2.09807 4.62709
0.51 0.0099949 2.10082 4.62913
0.52 0.0099948 2.1035 4.63111
0.53 0.0099947 2.10611 4.63306
0.54 0.0099946 2.10865 4.63496
0.55 0.0099945 2.11112 4.63682
0.56 0.0099944 2.11353 4.63864
0.57 0.0099943 2.11588 4.64043
0.58 0.0099942 2.11817 4.64218
0.59 0.00999411 2.12041 4.64389
0.6 0.00999401 2.1226 4.64557
0.61 0.00999391 2.12473 4.64722
0.62 0.00999381 2.12682 4.64883
0.63 0.00999371 2.12886 4.65042
0.64 0.00999361 2.13085 4.65197
0.65 0.00999351 2.1328 4.6535
0.66 0.00999341 2.13471 4.655
0.67 0.00999331 2.13657 4.65647
0.68 0.00999321 2.1384 4.65791
0.69 0.00999311 2.14019 4.65933
0.7 0.00999301 2.14195 4.66072
0.71 0.00999291 2.14367 4.66209
0.72 0.00999281 2.14535 4.66344
0.73 0.00999271 2.147 4.66476
0.74 0.00999261 2.14862 4.66607
0.75 0.00999251 2.15021 4.66735
0.76 0.00999241 2.15177 4.66861
0.77 0.00999231 2.1533 4.66984
0.78 0.00999221 2.1548 4.67106
0.79 0.00999211 2.15627 4.67226
0.8 0.00999201 2.15772 4.67344
0.81 0.00999191 2.15914 4.67461
0.82 0.00999181 2.16054 4.67575
0.83 0.00999171 2.16191 4.67688
0.84 0.00999161 2.16326 4.67799
0.85 0.00999151 2.16459 4.67909
0.86 0.00999141 2.16589 4.68016
0.87 0.00999131 2.16718 4.68123
0.88 0.00999121 2.16844 4.68227
0.89 0.00999111 2.16968 4.68331
0.9 0.00999101 2.1709 4.68432
0.91 0.00999091 2.1721 4.68533
0.92 0.00999081 2.17329 4.68632
0.93 0.00999071 2.17445 4.68729
0.94 0.00999061 2.1756 4.68825
0.95 0.00999051 2.17673 4.6892
0.96 0.00999041 2.17784 4.69014
0.97 0.00999031 2.17894 4.69106
0.98 0.00999021 2.18002 4.69198
0.99 0.00999011 2.18109 4.69288
1 0.00999001 2.18213 4.69376
1.01 0.00998992 2.18317 4.69464
1.02 0.00998982 2.18419 4.69551
1.03 0.00998972 2.18519 4.69636
1.04 0.00998962 2.18618 4.69721
1.05 0.00998952 2.18716 4.69804
1.06 0.00998942 2.18813 4.69887
1.07 0.00998932 2.18908 4.69968
1.08 0.00998922 2.19002 4.70048
1.09 0.00998912 2.19094 4.70128
1.1 0.00998902 2.19185 4.70206
1.11 0.00998892 2.19276 4.70284
1.12 0.00998882 2.19365 4.7036
1.13 0.00998872 2.19453 4.70436
1.14 0.00998862 2.19539 4.70511
1.15 0.00998852 2.19625 4.70585
1.16 0.00998842 2.1971 4.70658
1.17 0.00998832 2.19793 4.70731
1.18 0.00998822 2.19876 4.70802
1.19 0.00998812 2.19957 4.70873
1.2 0.00998802 2.20038 4.70943
1.21 0.00998792 2.20117 4.71012
1.22 0.00998782 2.20196 4.71081
1.23 0.00998772 2.20273 4.71148
1.24 0.00998762 2.2035 4.71215
1.25 0.00998752 2.20426 4.71282
1.26 0.00998742 2.20501 4.71347
1.27 0.00998732 2.20575 4.71412
1.28 0.00998722 2.20648 4.71476
1.29 0.00998712 2.20721 4.7154
1.3 0.00998703 2.20793 4.71603
1.31 0.00998693 2.20863 4.71665
1.32 0.00998683 2.20934 4.71727
1.33 0.00998673 2.21003 4.71788
1.34 0.00998663 2.21071 4.71848
1.35 0.00998653 2.21139 4.71908
1.36 0.00998643 2.21206 4.71967
1.37 0.00998633 2.21273 4.72026
1.38 0.00998623 2.21338 4.72084
1.39 0.00998613 2.21403 4.72141
1.4 0.00998603 2.21468 4.72198
1.41 0.00998593 2.21531 4.72255
1.42 0.00998583 2.21594 4.72311
1.43 0.00998573 2.21657 4.72366
1.44 0.00998563 2.21718 4.72421
1.45 0.00998553 2.2178 4.72475
1.46 0.00998543 2.2184 4.72529
1.47 0.00998533 2.219 4.72582
1.48 0.00998523 2.21959 4.72635
1.49 0.00998513 2.22018 4.72687
1.5 0.00998503 2.22076 4.72739
1.51 0.00998493 2.22134 4.72791
1.52 0.00998483 2.22191 4.72842
1.53 0.00998473 2.22247 4.72892
1.54 0.00998464 2.22303 4.72942
1.55 0.00998454 2.22359 4.72992
1.56 0.00998444 2.22413 4.73041
1.57 0.00998434 2.22468 4.7309
1.58 0.00998424 2.22522 4.73138
1.59 0.00998414 2.22575 4.73186
1.6 0.00998404 2.22628 4.73234
1.61 0.00998394 2.2268 4.73281
1.62 0.00998384 2.22732 4.73328
1.63 0.00998374 2.22784 4.73374
1.64 0.00998364 2.22835 4.7342
1.65 0.00998354 2.22885 4.73465
1.66 0.00998344 2.22936 4.73511
1.67 0.00998334 2.22985 4.73555
1.68 0.00998324 2.23035 4.736
1.69 0.00998314 2.23083 4.73644
1.7 0.00998304 2.23132 4.73688
1.71 0.00998294 2.2318 4.73731
1.72 0.00998284 2.23227 4.73774
1.73 0.00998274 2.23275 4.73817
1.74 0.00998265 2.23321 4.73859
1.75 0.00998255 2.23368 4.73901
1.76 0.00998245 2.23414 4.73943
1.77 0.00998235 2.23459 4.73985
1.78 0.00998225 2.23505 4.74026
1.79 0.00998215 2.2355 4.74066
1.8 0.00998205 2.23594 4.74107
1.81 0.00998195 2.23638 4.74147
1.82 0.00998185 2.23682 4.74187
1.83 0.00998175 2.23725 4.74226
1.84 0.00998165 2.23769 4.74266
1.85 0.00998155 2.23811 4.74305
1.86 0.00998145 2.23854 4.74343
1.87 0.00998135 2.23896 4.74382
1.88 0.00998125 2.23938 4.7442
1.89 0.00998115 2.23979 4.74458
1.9 0.00998105 2.2402 4.74495
1.91 0.00998095 2.24061 4.74532
1.92 0.00998085 2.24101 4.74569
1.93 0.00998076 2.24142 4.74606
1.94 0.00998066 2.24182 4.74643
1.95 0.00998056 2.24221 4.74679
1.96 0.00998046 2.2426 4.74715
1.97 0.00998036 2.24299 4.7475
1.98 0.00998026 2.24338 4.74786
1.99 0.00998016 2.24377 4.74821
2 0.00998006 2.24415 4.74856
2.01 0.00997996 2.24453 4.74891
2.02 0.00997986 2.2449 4.74925
2.03 0.00997976 2.24527 4.7496
2.04 0.00997966 2.24564 4.74994
2.05 0.00997956 2.24601 4.75027
2.06 0.00997946 2.24638 4.75061
2.07 0.00997936 2.24674 4.75094
2.08 0.00997926 2.2471 4.75127
2.09 0.00997916 2.24746 4.7516
2.1 0.00997907 2.24781 4.75193
2.11 0.00997897 2.24816 4.75225
2.12 0.00997887 2.24851 4.75258
2.13 0.00997877 2.24886 4.7529
2.14 0.00997867 2.24921 4.75322
2.15 0.00997857 2.24955 4.75353
2.16 0.00997847 2.24989 4.75385
2.17 0.00997837 2.25023 4.75416
2.18 0.00997827 2.25057 4.75447
2.19 0.00997817 2.2509 4.75478
2.2 0.00997807 2.25123 4.75508
2.21 0.00997797 2.25156 4.75539
2.22 0.00997787 2.25189 4.75569
2.23 0.00997777 2.25221 4.75599
2.24 0.00997767 2.25253 4.75629
2.25 0.00997758 2.25286 4.75659
2.26 0.00997748 2.25317 4.75688
2.27 0.00997738 2.25349 4.75717
2.28 0.00997728 2.2538 4.75747
2.29 0.00997718 2.25412 4.75776
2.3 0.00997708 2.25443 4.75804
2.31 0.00997698 2.25474 4.75833
2.32 0.00997688 2.25504 4.75861
2.33 0.00997678 2.25535 4.7589
2.34 0.00997668 2.25565 4.75918
2.35 0.00997658 2.25595 4.75946
2.36 0.00997648 2.25625 4.75973
2.37 0.00997638 2.25655 4.76001
2.38 0.00997628 2.25684 4.76028
2.39 0.00997618 2.25714 4.76056
2.4 0.00997609 2.25743 4.76083
2.41 0.00997599 2.25772 4.7611
2.42 0.00997589 2.258 4.76137
2.43 0.00997579 2.25829 4.76163
2.44 0.00997569 2.25858 4.7619
2.45 0.00997559 2.25886 4.76216
2.46 0.00997549 2.25914 4.76242
2.47 0.00997539 2.25942 4.76268
2.48 0.00997529 2.2597 4.76294
2.49 0.00997519 2.25997 4.7632
2.5 0.00997509 2.26025 4.76346
2.51 0.00997499 2.26052 4.76371
2.52 0.00997489 2.26079 4.76396
2.53 0.0099748 2.26106 4.76421
2.54 0.0099747 2.26133 4.76447
2.55 0.0099746 2.2616 4.76471
2.56 0.0099745 2.26186 4.76496
2.57 0.0099744 2.26213 4.76521
2.58 0.0099743 2.26239 4.76545
2.59 0.0099742 2.26265 4.7657
2.6 0.0099741 2.26291 4.76594
2.61 0.009974 2.26316 4.76618
2.62 0.0099739 2.26342 4.76642
2.63 0.0099738 2.26368 4.76666
2.64 0.0099737 2.26393 4.76689
2.65 0.0099736 2.26418 4.76713
2.66 0.00997351 2.26443 4.76737
2.67 0.00997341 2.26468 4.7676
2.68 0.00997331 2.26493 4.76783
2.69 0.00997321 2.26518 4.76806
2.7 0.00997311 2.26542 4.76829
2.71 0.00997301 2.26566 4.76852
2.72 0.00997291 2.26591 4.76875
2.73 0.00997281 2.26615 4.76897
2.74 0.00997271 2.26639 4.7692
2.75 0.00997261 2.26663 4.76942
2.76 0.00997251 2.26686 4.76964
2.77 0.00997241 2.2671 4.76987
2.78 0.00997231 2.26733 4.77009
2.79 0.00997222 2.26757 4.77031
2.8 0.00997212 2.2678 4.77052
2.81 0.00997202 2.26803 4.77074
2.82 0.00997192 2.26826 4.77096
2.83 0.00997182 2.26849 4.77117
2.84 0.00997172 2.26872 4.77139
2.85 0.00997162 2.26894 4.7716
2.86 0.00997152 2.26917 4.77181
2.87 0.00997142 2.26939 4.77202
2.88 0.00997132 2.26961 4.77223
2.89 0.00997122 2.26984 4.77244
2.9 0.00997113 2.27006 4.77265
2.91 0.00997103 2.27028 4.77285
2.92 0.00997093 2.27049 4.77306
2.93 0.00997083 2.27071 4.77326
2.94 0.00997073 2.27093 4.77347
2.95 0.00997063 2.27114 4.77367
2.96 0.00997053 2.27136 4.77387
2.97 0.00997043 2.27157 4.77407
2.98 0.00997033 2.27178 4.77427
2.99 0.00997023 2.27199 4.77447
3 0.00997013 2.2722 4.77467
3.01 0.00997003 2.27241 4.77486
3.02 0.00996994 2.27262 4.77506
3.03 0.00996984 2.27283 4.77526
3.04 0.00996974 2.27303 4.77545
3.05 0.00996964 2.27324 4.77564
3.06 0.00996954 2.27344 4.77584
3.07 0.00996944 2.27364 4.77603
3.08 0.00996934 2.27384 4.77622
3.09 0.00996924 2.27404 4.77641
3.1 0.00996914 2.27424 4.7766
3.11 0.00996904 2.27444 4.77678
3.12 0.00996894 2.27464 4.77697
3.13 0.00996885 2.27484 4.77716
3.14 0.00996875 2.27503 4.77734
3.15 0.00996865 2.27523 4.77753
3.16 0.00996855 2.27542 4.77771
3.17 0.00996845 2.27562 4.77789
3.18 0.00996835 2.27581 4.77808
3.19 0.00996825 2.276 4.77826
3.2 0.00996815 2.27619 4.77844
3.21 0.00996805 2.27638 4.77862
3.22 0.00996795 2.27657 4.7788
3.23 0.00996786 2.27676 4.77897
3.24 0.00996776 2.27695 4.77915
3.25 0.00996766 2.27713 4.77933
3.26 0.00996756 2.27732 4.7795
3.27 0.00996746 2.2775 4.77968
3.28 0.00996736 2.27769 4.77985
3.29 0.00996726 2.27787 4.78003
3.3 0.00996716 2.27805 4.7802
3.31 0.00996706 2.27823 4.78037
3.32 0.00996696 2.27841 4.78054
3.33 0.00996686 2.27859 4.78071
3.34 0.00996677 2.27877 4.78088
3.35 0.00996667 2.27895 4.78105
3.36 0.00996657 2.27913 4.78122
3.37 0.00996647 2.2793 4.78139
3.38 0.00996637 2.27948 4.78155
3.39 0.00996627 2.27965 4.78172
3.4 0.00996617 2.27983 4.78189
3.41 0.00996607 2.28 4.78205
3.42 0.00996597 2.28018 4.78221
3.43 0.00996587 2.28035 4.78238
3.44 0.00996578 2.28052 4.78254
3.45 0.00996568 2.28069 4.7827
3.46 0.00996558 2.28086 4.78286
3.47 0.00996548 2.28103 4.78302
3.48 0.00996538 2.2812 4.78318
3.49 0.00996528 2.28136 4.78334
3.5 0.00996518 2.28153 4.7835
3.51 0.00996508 2.2817 4.78366
3.52 0.00996498 2.28186 4.78382
3.53 0.00996489 2.28203 4.78397
3.54 0.00996479 2.28219 4.78413
3.55 0.00996469 2.28236 4.78429
3.56 0.00996459 2.28252 4.78444
3.57 0.00996449 2.28268 4.7846
3.58 0.00996439 2.28284 4.78475
3.59 0.00996429 2.283 4.7849
3.6 0.00996419 2.28316 4.78506
3.61 0.00996409 2.28332 4.78521
3.62 0.00996399 2.28348 4.78536
3.63 0.0099639 2.28364 4.78551
3.64 0.0099638 2.2838 4.78566
3.65 0.0099637 2.28395 4.78581
3.66 0.0099636 2.28411 4.78596
3.67 0.0099635 2.28427 4.78611
3.68 0.0099634 2.28442 4.78625
3.69 0.0099633 2.28458 4.7864
3.7 0.0099632 2.28473 4.78655
3.71 0.0099631 2.28488 4.78669
3.72 0.00996301 2.28503 4.78684
3.73 0.00996291 2.28519 4.78698
3.74 0.00996281 2.28534 4.78713
3.75 0.00996271 2.28549 4.78727
3.76 0.00996261 2.28564 4.78742
3.77 0.00996251 2.28579 4.78756
3.78 0.00996241 2.28594 4.7877
3.79 0.00996231 2.28609 4.78784
3.8 0.00996221 2.28623 4.78798
3.81 0.00996212 2.28638 4.78812
3.82 0.00996202 2.28653 4.78826
3.83 0.00996192 2.28667 4.7884
3.84 0.00996182 2.28682 4.78854
3.85 0.00996172 2.28696 4.78868
3.86 0.00996162 2.28711 4.78882
3.87 0.00996152 2.28725 4.78896
3.88 0.00996142 2.2874 4.78909
3.89 0.00996132 2.28754 4.78923
3.9 0.00996123 2.28768 4.78936
3.91 0.00996113 2.28782 4.7895
3.92 0.00996103 2.28796 4.78964
3.93 0.00996093 2.2881 4.78977
3.94 0.00996083 2.28824 4.7899
3.95 0.00996073 2.28838 4.79004
3.96 0.00996063 2.28852 4.79017
3.97 0.00996053 2.28866 4.7903
3.98 0.00996044 2.2888 4.79043
3.99 0.00996034 2.28894 4.79057
4 0.00996024 2.28907 4.7907
4.01 0.00996014 2.28921 4.79083
4.02 0.00996004 2.28935 4.79096
4.03 0.00995994 2.28948 4.79109
4.04 0.00995984 2.28962 4.79122
4.05 0.00995974 2.28975 4.79135
4.06 0.00995964 2.28989 4.79147
4.07 0.00995955 2.29002 4.7916
4.08 0.00995945 2.29015 4.79173
4.09 0.00995935 2.29028 4.79186
4.1 0.00995925 2.29042 4.79198
4.11 0.00995915 2.29055 4.79211
4.12 0.00995905 2.29068 4.79223
4.13 0.00995895 2.29081 4.79236
4.14 0.00995885 2.29094 4.79248
4.15 0.00995876 2.29107 4.79261
4.16 0.00995866 2.2912 4.79273
4.17 0.00995856 2.29133 4.79286
4.18 0.00995846 2.29146 4.79298
4.19 0.00995836 2.29158 4.7931
4.2 0.00995826 2.29171 4.79322
4.21 0.00995816 2.29184 4.79334
4.22 0.00995806 2.29197 4.79347
4.23 0.00995797 2.29209 4.79359
4.24 0.00995787 2.29222 4.79371
4.25 0.00995777 2.29234 4.79383
4.26 0.00995767 2.29247 4.79395
4.27 0.00995757 2.29259 4.79407
4.28 0.00995747 2.29272 4.79419
4.29 0.00995737 2.29284 4.7943
4.3 0.00995727 2.29296 4.79442
4.31 0.00995718 2.29308 4.79454
4.32 0.00995708 2.29321 4.79466
4.33 0.00995698 2.29333 4.79477
4.34 0.00995688 2.29345 4.79489
4.35 0.00995678 2.29357 4.79501
4.36 0.00995668 2.29369 4.79512
4.37 0.00995658 2.29381 4.79524
4.38 0.00995649 2.29393 4.79535
4.39 0.00995639 2.29405 4.79547
4.4 0.00995629 2.29417 4.79558
4.41 0.00995619 2.29429 4.7957
4.42 0.00995609 2.29441 4.79581
4.43 0.00995599 2.29452 4.79592
4.44 0.00995589 2.29464 4.79603
4.45 0.00995579 2.29476 4.79615
4.46 0.0099557 2.29487 4.79626
4.47 0.0099556 2.29499 4.79637
4.48 0.0099555 2.29511 4.79648
4.49 0.0099554 2.29522 4.79659
4.5 0.0099553 2.29534 4.7967
4.51 0.0099552 2.29545 4.79681
4.52 0.0099551 2.29557 4.79692
4.53 0.009955 2.29568 4.79703
4.54 0.00995491 2.29579 4.79714
4.55 0.00995481 2.29591 4.79725
4.56 0.00995471 2.29602 4.79736
4.57 0.00995461 2.29613 4.79747
4.58 0.00995451 2.29624 4.79758
4.59 0.00995441 2.29636 4.79768
4.6 0.00995431 2.29647 4.79779
4.61 0.00995422 2.29658 4.7979
4.62 0.00995412 2.29669 4.798
4.63 0.00995402 2.2968 4.79811
4.64 0.00995392 2.29691 4.79822
4.65 0.00995382 2.29702 4.79832
4.66 0.00995372 2.29713 4.79843
4.67 0.00995362 2.29724 4.79853
4.68 0.00995353 2.29734 4.79863
4.69 0.00995343 2.29745 4.79874
4.7 0.00995333 2.29756 4.79884
4.71 0.00995323 2.29767 4.79895
4.72 0.00995313 2.29778 4.79905
4.73 0.00995303 2.29788 4.79915
4.74 0.00995293 2.29799 4.79926
4.75 0.00995284 2.2981 4.79936
4.76 0.00995274 2.2982 4.79946
4.77 0.00995264 2.29831 4.79956
4.78 0.00995254 2.29841 4.79966
4.79 0.00995244 2.29852 4.79976
4.8 0.00995234 2.29862 4.79986
4.81 0.00995224 2.29873 4.79996
4.82 0.00995215 2.29883 4.80006
4.83 0.00995205 2.29893 4.80016
4.84 0.00995195 2.29904 4.80026
4.85 0.00995185 2.29914 4.80036
4.86 0.00995175 2.29924 4.80046
4.87 0.00995165 2.29934 4.80056
4.88 0.00995155 2.29945 4.80066
4.89 0.00995146 2.29955 4.80076
4.9 0.00995136 2.29965 4.80085
4.91 0.00995126 2.29975 4.80095
4.92 0.00995116 2.29985 4.80105
4.93 0.00995106 2.29995 4.80115
4.94 0.00995096 2.30005 4.80124
4.95 0.00995086 2.30015 4.80134
4.96 0.00995077 2.30025 4.80144
4.97 0.00995067 2.30035 4.80153
4.98 0.00995057 2.30045 4.80163
4.99 0.00995047 2.30055 4.80172
5 0.00995037 2.30065 4.80182
5.01 0.00995027 2.30074 4.80191
5.02 0.00995017 2.30084 4.80201
5.03 0.00995008 2.30094 4.8021
5.04 0.00994998 2.30104 4.80219
5.05 0.00994988 2.30113 4.80229
5.06 0.00994978 2.30123 4.80238
5.07 0.00994968 2.30133 4.80247
5.08 0.00994958 2.30142 4.80257
5.09 0.00994948 2.30152 4.80266
5.1 0.00994939 2.30161 4.80275
5.11 0.00994929 2.30171 4.80284
5.12 0.00994919 2.3018 4.80293
5.13 0.00994909 2.3019 4.80303
5.14 0.00994899 2.30199 4.80312
5.15 0.00994889 2.30209 4.80321
5.16 0.0099488 2.30218 4.8033
5.17 0.0099487 2.30227 4.80339
5.18 0.0099486 2.30237 4.80348
5.19 0.0099485 2.30246 4.80357
5.2 0.0099484 2.30255 4.80366
5.21 0.0099483 2.30265 4.80375
5.22 0.0099482 2.30274 4.80384
5.23 0.00994811 2.30283 4.80393
5.24 0.00994801 2.30292 4.80402
5.25 0.00994791 2.30301 4.8041
5.26 0.00994781 2.3031 4.80419
5.27 0.00994771 2.3032 4.80428
5.28 0.00994761 2.30329 4.80437
5.29 0.00994752 2.30338 4.80445
5.3 0.00994742 2.30347 4.80454
5.31 0.00994732 2.30356 4.80463
5.32 0.00994722 2.30365 4.80472
5.33 0.00994712 2.30374 4.8048
5.34 0.00994702 2.30383 4.80489
5.35 0.00994692 2.30391 4.80497
5.36 0.00994683 2.304 4.80506
5.37 0.00994673 2.30409 4.80515
5.38 0.00994663 2.30418 4.80523
5.39 0.00994653 2.30427 4.80532
5.4 0.00994643 2.30436 4.8054
5.41 0.00994633 2.30444 4.80549
5.42 0.00994624 2.30453 4.80557
5.43 0.00994614 2.30462 4.80565
5.44 0.00994604 2.3047 4.80574
5.45 0.00994594 2.30479 4.80582
5.46 0.00994584 2.30488 4.80591
5.47 0.00994574 2.30496 4.80599
5.48 0.00994565 2.30505 4.80607
5.49 0.00994555 2.30513 4.80616
5.5 0.00994545 2.30522 4.80624
5.51 0.00994535 2.30531 4.80632
5.52 0.00994525 2.30539 4.8064
5.53 0.00994515 2.30547 4.80648
5.54 0.00994506 2.30556 4.80657
5.55 0.00994496 2.30564 4.80665
5.56 0.00994486 2.30573 4.80673
5.57 0.00994476 2.30581 4.80681
5.58 0.00994466 2.30589 4.80689
5.59 0.00994456 2.30598 4.80697
5.6 0.00994447 2.30606 4.80705
5.61 0.00994437 2.30614 4.80713
5.62 0.00994427 2.30623 4.80721
5.63 0.00994417 2.30631 4.80729
5.64 0.00994407 2.30639 4.80737
5.65 0.00994397 2.30647 4.80745
5.66 0.00994388 2.30656 4.80753
5.67 0.00994378 2.30664 4.80761
5.68 0.00994368 2.30672 4.80769
5.69 0.00994358 2.3068 4.80777
5.7 0.00994348 2.30688 4.80785
5.71 0.00994338 2.30696 4.80792
5.72 0.00994329 2.30704 4.808
5.73 0.00994319 2.30712 4.80808
5.74 0.00994309 2.3072 4.80816
5.75 0.00994299 2.30728 4.80824
5.76 0.00994289 2.30736 4.80831
5.77 0.00994279 2.30744 4.80839
5.78 0.0099427 2.30752 4.80847
5.79 0.0099426 2.3076 4.80854
5.8 0.0099425 2.30768 4.80862
5.81 0.0099424 2.30776 4.8087
5.82 0.0099423 2.30784 4.80877
5.83 0.0099422 2.30791 4.80885
5.84 0.00994211 2.30799 4.80892
5.85 0.00994201 2.30807 4.809
5.86 0.00994191 2.30815 4.80907
5.87 0.00994181 2.30823 4.80915
5.88 0.00994171 2.3083 4.80923
5.89 0.00994161 2.30838 4.8093
5.9 0.00994152 2.30846 4.80937
5.91 0.00994142 2.30853 4.80945
5.92 0.00994132 2.30861 4.80952
5.93 0.00994122 2.30869 4.8096
5.94 0.00994112 2.30876 4.80967
5.95 0.00994102 2.30884 4.80974
5.96 0.00994093 2.30891 4.80982
5.97 0.00994083 2.30899 4.80989
5.98 0.00994073 2.30906 4.80996
5.99 0.00994063 2.30914 4.81004
6 0.00994053 2.30922 4.81011
6.01 0.00994044 2.30929 4.81018
6.02 0.00994034 2.30936 4.81026
6.03 0.00994024 2.30944 4.81033
6.04 0.00994014 2.30951 4.8104
6.05 0.00994004 2.30959 4.81047
6.06 0.00993994 2.30966 4.81054
6.07 0.00993985 2.30973 4.81062
6.08 0.00993975 2.30981 4.81069
6.09 0.00993965 2.30988 4.81076
6.1 0.00993955 2.30996 4.81083
6.11 0.00993945 2.31003 4.8109
6.12 0.00993936 2.3101 4.81097
6.13 0.00993926 2.31017 4.81104
6.14 0.00993916 2.31025 4.81111
6.15 0.00993906 2.31032 4.81118
6.16 0.00993896 2.31039 4.81125
6.17 0.00993886 2.31046 4.81132
6.18 0.00993877 2.31053 4.81139
6.19 0.00993867 2.31061 4.81146
6.2 0.00993857 2.31068 4.81153
6.21 0.00993847 2.31075 4.8116
6.22 0.00993837 2.31082 4.81167
6.23 0.00993828 2.31089 4.81174
6.24 0.00993818 2.31096 4.81181
6.25 0.00993808 2.31103 4.81188
6.26 0.00993798 2.3111 4.81194
6.27 0.00993788 2.31117 4.81201
6.28 0.00993778 2.31124 4.81208
6.29 0.00993769 2.31131 4.81215
6.3 0.00993759 2.31138 4.81222
6.31 0.00993749 2.31145 4.81228
6.32 0.00993739 2.31152 4.81235
6.33 0.00993729 2.31159 4.81242
6.34 0.0099372 2.31166 4.81249
6.35 0.0099371 2.31173 4.81255
6.36 0.009937 2.3118 4.81262
6.37 0.0099369 2.31187 4.81269
6.38 0.0099368 2.31193 4.81275
6.39 0.00993671 2.312 4.81282
6.4 0.00993661 2.31207 4.81289
6.41 0.00993651 2.31214 4.81295
6.42 0.00993641 2.31221 4.81302
6.43 0.00993631 2.31227 4.81308
6.44 0.00993621 2.31234 4.81315
6.45 0.00993612 2.31241 4.81321
6.46 0.00993602 2.31248 4.81328
6.47 0.00993592 2.31254 4.81334
6.48 0.00993582 2.31261 4.81341
6.49 0.00993572 2.31268 4.81347
6.5 0.00993563 2.31274 4.81354
6.51 0.00993553 2.31281 4.8136
6.52 0.00993543 2.31288 4.81367
6.53 0.00993533 2.31294 4.81373
6.54 0.00993523 2.31301 4.8138
6.55 0.00993514 2.31307 4.81386
6.56 0.00993504 2.31314 4.81393
6.57 0.00993494 2.31321 4.81399
6.58 0.00993484 2.31327 4.81405
6.59 0.00993474 2.31334 4.81412
6.6 0.00993465 2.3134 4.81418
6.61 0.00993455 2.31347 4.81424
6.62 0.00993445 2.31353 4.81431
6.63 0.00993435 2.3136 4.81437
6.64 0.00993425 2.31366 4.81443
6.65 0.00993416 2.31372 4.81449
6.66 0.00993406 2.31379 4.81456
6.67 0.00993396 2.31385 4.81462
6.68 0.00993386 2.31392 4.81468
6.69 0.00993376 2.31398 4.81474
6.7 0.00993366 2.31404 4.81481
6.71 0.00993357 2.31411 4.81487
6.72 0.00993347 2.31417 4.81493
6.73 0.00993337 2.31423 4.81499
6.74 0.00993327 2.3143 4.81505
6.75 0.00993317 2.31436 4.81511
6.76 0.00993308 2.31442 4.81517
6.77 0.00993298 2.31449 4.81524
6.78 0.00993288 2.31455 4.8153
6.79 0.00993278 2.31461 4.81536
6.8 0.00993268 2.31467 4.81542
6.81 0.00993259 2.31474 4.81548
6.82 0.00993249 2.3148 4.81554
6.83 0.00993239 2.31486 4.8156
6.84 0.00993229 2.31492 4.81566
6.85 0.00993219 2.31498 4.81572
6.86 0.0099321 2.31504 4.81578
6.87 0.009932 2.31511 4.81584
6.88 0.0099319 2.31517 4.8159
6.89 0.0099318 2.31523 4.81596
6.9 0.00993171 2.31529 4.81602
6.91 0.00993161 2.31535 4.81608
6.92 0.00993151 2.31541 4.81614
6.93 0.00993141 2.31547 4.81619
6.94 0.00993131 2.31553 4.81625
6.95 0.00993122 2.31559 4.81631
6.96 0.00993112 2.31565 4.81637
6.97 0.00993102 2.31571 4.81643
6.98 0.00993092 2.31577 4.81649
6.99 0.00993082 2.31583 4.81655
7 0.00993073 2.31589 4.8166
7.01 0.00993063 2.31595 4.81666
7.02 0.00993053 2.31601 4.81672
7.03 0.00993043 2.31607 4.81678
7.04 0.00993033 2.31613 4.81684
7.05 0.00993024 2.31619 4.81689
7.06 0.00993014 2.31625 4.81695
7.07 0.00993004 2.3163 4.81701
7.08 0.00992994 2.31636 4.81706
7.09 0.00992984 2.31642 4.81712
7.1 0.00992975 2.31648 4.81718
7.11 0.00992965 2.31654 4.81724
7.12 0.00992955 2.3166 4.81729
7.13 0.00992945 2.31665 4.81735
7.14 0.00992935 2.31671 4.81741
7.15 0.00992926 2.31677 4.81746
7.16 0.00992916 2.31683 4.81752
7.17 0.00992906 2.31689 4.81757
7.18 0.00992896 2.31694 4.81763
7.19 0.00992887 2.317 4.81769
7.2 0.00992877 2.31706 4.81774
7.21 0.00992867 2.31711 4.8178
7.22 0.00992857 2.31717 4.81785
7.23 0.00992847 2.31723 4.81791
7.24 0.00992838 2.31728 4.81796
7.25 0.00992828 2.31734 4.81802
7.26 0.00992818 2.3174 4.81807
7.27 0.00992808 2.31745 4.81813
7.28 0.00992798 2.31751 4.81818
7.29 0.00992789 2.31757 4.81824
7.3 0.00992779 2.31762 4.81829
7.31 0.00992769 2.31768 4.81835
7.32 0.00992759 2.31773 4.8184
7.33 0.0099275 2.31779 4.81846
7.34 0.0099274 2.31785 4.81851
7.35 0.0099273 2.3179 4.81856
7.36 0.0099272 2.31796 4.81862
7.37 0.0099271 2.31801 4.81867
7.38 0.00992701 2.31807 4.81873
7.39 0.00992691 2.31812 4.81878
7.4 0.00992681 2.31818 4.81883
7.41 0.00992671 2.31823 4.81889
7.42 0.00992661 2.31829 4.81894
7.43 0.00992652 2.31834 4.81899
7.44 0.00992642 2.31839 4.81905
7.45 0.00992632 2.31845 4.8191
7.46 0.00992622 2.3185 4.81915
7.47 0.00992613 2.31856 4.81921
7.48 0.00992603 2.31861 4.81926
7.49 0.00992593 2.31867 4.81931
7.5 0.00992583 2.31872 4.81936
7.51 0.00992573 2.31877 4.81942
7.52 0.00992564 2.31883 4.81947
7.53 0.00992554 2.31888 4.81952
7.54 0.00992544 2.31893 4.81957
7.55 0.00992534 2.31899 4.81962
7.56 0.00992525 2.31904 4.81968
7.57 0.00992515 2.31909 4.81973
7.58 0.00992505 2.31915 4.81978
7.59 0.00992495 2.3192 4.81983
7.6 0.00992485 2.31925 4.81988
7.61 0.00992476 2.3193 4.81993
7.62 0.00992466 2.31936 4.81999
7.63 0.00992456 2.31941 4.82004
7.64 0.00992446 2.31946 4.82009
7.65 0.00992437 2.31951 4.82014
7.66 0.00992427 2.31957 4.82019
7.67 0.00992417 2.31962 4.82024
7.68 0.00992407 2.31967 4.82029
7.69 0.00992397 2.31972 4.82034
7.7 0.00992388 2.31977 4.82039
7.71 0.00992378 2.31982 4.82044
7.72 0.00992368 2.31988 4.82049
7.73 0.00992358 2.31993 4.82054
7.74 0.00992349 2.31998 4.82059
7.75 0.00992339 2.32003 4.82064
7.76 0.00992329 2.32008 4.82069
7.77 0.00992319 2.32013 4.82074
7.78 0.0099231 2.32018 4.82079
7.79 0.009923 2.32023 4.82084
7.8 0.0099229 2.32029 4.82089
7.81 0.0099228 2.32034 4.82094
7.82 0.0099227 2.32039 4.82099
7.83 0.00992261 2.32044 4.82104
7.84 0.00992251 2.32049 4.82109
7.85 0.00992241 2.32054 4.82114
7.86 0.00992231 2.32059 4.82119
7.87 0.00992222 2.32064 4.82124
7.88 0.00992212 2.32069 4.82129
7.89 0.00992202 2.32074 4.82134
7.9 0.00992192 2.32079 4.82138
7.91 0.00992183 2.32084 4.82143
7.92 0.00992173 2.32089 4.82148
7.93 0.00992163 2.32094 4.82153
7.94 0.00992153 2.32099 4.82158
7.95 0.00992143 2.32104 4.82163
7.96 0.00992134 2.32108 4.82167
7.97 0.00992124 2.32113 4.82172
7.98 0.00992114 2.32118 4.82177
7.99 0.00992104 2.32123 4.82182
8 0.00992095 2.32128 4.82187
8.01 0.00992085 2.32133 4.82191
8.02 0.00992075 2.32138 4.82196
8.03 0.00992065 2.32143 4.82201
8.04 0.00992056 2.32147 4.82206
8.05 0.00992046 2.32152 4.8221
8.06 0.00992036 2.32157 4.82215
8.07 0.00992026 2.32162 4.8222
8.08 0.00992017 2.32167 4.82225
8.09 0.00992007 2.32172 4.82229
8.1 0.00991997 2.32176 4.82234
8.11 0.00991987 2.32181 4.82239
8.12 0.00991977 2.32186 4.82243
8.13 0.00991968 2.32191 4.82248
8.14 0.00991958 2.32196 4.82253
8.15 0.00991948 2.322 4.82257
8.16 0.00991938 2.32205 4.82262
8.17 0.00991929 2.3221 4.82267
8.18 0.00991919 2.32214 4.82271
8.19 0.00991909 2.32219 4.82276
8.2 0.00991899 2.32224 4.8228
8.21 0.0099189 2.32229 4.82285
8.22 0.0099188 2.32233 4.8229
8.23 0.0099187 2.32238 4.82294
8.24 0.0099186 2.32243 4.82299
8.25 0.00991851 2.32247 4.82303
8.26 0.00991841 2.32252 4.82308
8.27 0.00991831 2.32257 4.82312
8.28 0.00991821 2.32261 4.82317
8.29 0.00991812 2.32266 4.82321
8.3 0.00991802 2.32271 4.82326
8.31 0.00991792 2.32275 4.82331
8.32 0.00991782 2.3228 4.82335
8.33 0.00991773 2.32284 4.8234
8.34 0.00991763 2.32289 4.82344
8.35 0.00991753 2.32294 4.82349
8.36 0.00991743 2.32298 4.82353
8.37 0.00991734 2.32303 4.82357
8.38 0.00991724 2.32307 4.82362
8.39 0.00991714 2.32312 4.82366
8.4 0.00991704 2.32316 4.82371
8.41 0.00991695 2.32321 4.82375
8.42 0.00991685 2.32325 4.8238
8.43 0.00991675 2.3233 4.82384
8.44 0.00991665 2.32334 4.82389
8.45 0.00991655 2.32339 4.82393
8.46 0.00991646 2.32343 4.82397
8.47 0.00991636 2.32348 4.82402
8.48 0.00991626 2.32352 4.82406
8.49 0.00991616 2.32357 4.82411
8.5 0.00991607 2.32361 4.82415
8.51 0.00991597 2.32366 4.82419
8.52 0.00991587 2.3237 4.82424
8.53 0.00991577 2.32375 4.82428
8.54 0.00991568 2.32379 4.82432
8.55 0.00991558 2.32384 4.82437
8.56 0.00991548 2.32388 4.82441
8.57 0.00991538 2.32392 4.82445
8.58 0.00991529 2.32397 4.8245
8.59 0.00991519 2.32401 4.82454
8.6 0.00991509 2.32406 4.82458
8.61 0.009915 2.3241 4.82463
8.62 0.0099149 2.32414 4.82467
8.63 0.0099148 2.32419 4.82471
8.64 0.0099147 2.32423 4.82475
8.65 0.00991461 2.32427 4.8248
8.66 0.00991451 2.32432 4.82484
8.67 0.00991441 2.32436 4.82488
8.68 0.00991431 2.3244 4.82492
8.69 0.00991422 2.32445 4.82497
8.7 0.00991412 2.32449 4.82501
8.71 0.00991402 2.32453 4.82505
8.72 0.00991392 2.32458 4.82509
8.73 0.00991383 2.32462 4.82513
8.74 0.00991373 2.32466 4.82518
8.75 0.00991363 2.3247 4.82522
8.76 0.00991353 2.32475 4.82526
8.77 0.00991344 2.32479 4.8253
8.78 0.00991334 2.32483 4.82534
8.79 0.00991324 2.32488 4.82538
8.8 0.00991314 2.32492 4.82543
8.81 0.00991305 2.32496 4.82547
8.82 0.00991295 2.325 4.82551
8.83 0.00991285 2.32504 4.82555
8.84 0.00991275 2.32509 4.82559
8.85 0.00991266 2.32513 4.82563
8.86 0.00991256 2.32517 4.82567
8.87 0.00991246 2.32521 4.82572
8.88 0.00991236 2.32525 4.82576
8.89 0.00991227 2.3253 4.8258
8.9 0.00991217 2.32534 4.82584
8.91 0.00991207 2.32538 4.82588
8.92 0.00991197 2.32542 4.82592
8.93 0.00991188 2.32546 4.82596
8.94 0.00991178 2.3255 4.826
8.95 0.00991168 2.32555 4.82604
8.96 0.00991159 2.32559 4.82608
8.97 0.00991149 2.32563 4.82612
8.98 0.00991139 2.32567 4.82616
8.99 0.00991129 2.32571 4.8262
9 0.0099112 2.32575 4.82624
9.01 0.0099111 2.32579 4.82628
9.02 0.009911 2.32583 4.82632
9.03 0.0099109 2.32587 4.82636
9.04 0.00991081 2.32591 4.8264
9.05 0.00991071 2.32595 4.82644
9.06 0.00991061 2.326 4.82648
9.07 0.00991051 2.32604 4.82652
9.08 0.00991042 2.32608 4.82656
9.09 0.00991032 2.32612 4.8266
9.1 0.00991022 2.32616 4.82664
9.11 0.00991012 2.3262 4.82668
9.12 0.00991003 2.32624 4.82672
9.13 0.00990993 2.32628 4.82676
9.14 0.00990983 2.32632 4.8268
9.15 0.00990974 2.32636 4.82684
9.16 0.00990964 2.3264 4.82688
9.17 0.00990954 2.32644 4.82692
9.18 0.00990944 2.32648 4.82696
9.19 0.00990935 2.32652 4.82699
9.2 0.00990925 2.32656 4.82703
9.21 0.00990915 2.3266 4.82707
9.22 0.00990905 2.32664 4.82711
9.23 0.00990896 2.32668 4.82715
9.24 0.00990886 2.32671 4.82719
9.25 0.00990876 2.32675 4.82723
9.26 0.00990867 2.32679 4.82727
9.27 0.00990857 2.32683 4.8273
9.28 0.00990847 2.32687 4.82734
9.29 0.00990837 2.32691 4.82738
9.3 0.00990828 2.32695 4.82742
9.31 0.00990818 2.32699 4.82746
9.32 0.00990808 2.32703 4.8275
9.33 0.00990798 2.32707 4.82753
9.34 0.00990789 2.32711 4.82757
9.35 0.00990779 2.32714 4.82761
9.36 0.00990769 2.32718 4.82765
9.37 0.0099076 2.32722 4.82769
9.38 0.0099075 2.32726 4.82772
9.39 0.0099074 2.3273 4.82776
9.4 0.0099073 2.32734 4.8278
9.41 0.00990721 2.32738 4.82784
9.42 0.00990711 2.32741 4.82787
9.43 0.00990701 2.32745 4.82791
9.44 0.00990691 2.32749 4.82795
9.45 0.00990682 2.32753 4.82799
9.46 0.00990672 2.32757 4.82802
9.47 0.00990662 2.3276 4.82806
9.48 0.00990653 2.32764 4.8281
9.49 0.00990643 2.32768 4.82814
9.5 0.00990633 2.32772 4.82817
9.51 0.00990623 2.32776 4.82821
9.52 0.00990614 2.32779 4.82825
9.53 0.00990604 2.32783 4.82828
9.54 0.00990594 2.32787 4.82832
9.55 0.00990585 2.32791 4.82836
9.56 0.00990575 2.32794 4.82839
9.57 0.00990565 2.32798 4.82843
9.58 0.00990555 2.32802 4.82847
9.59 0.00990546 2.32806 4.8285
9.6 0.00990536 2.32809 4.82854
9.61 0.00990526 2.32813 4.82858
9.62 0.00990516 2.32817 4.82861
9.63 0.00990507 2.3282 4.82865
9.64 0.00990497 2.32824 4.82869
9.65 0.00990487 2.32828 4.82872
9.66 0.00990478 2.32832 4.82876
9.67 0.00990468 2.32835 4.82879
9.68 0.00990458 2.32839 4.82883
9.69 0.00990448 2.32843 4.82887
9.7 0.00990439 2.32846 4.8289
9.71 0.00990429 2.3285 4.82894
9.72 0.00990419 2.32854 4.82897
9.73 0.0099041 2.32857 4.82901
9.74 0.009904 2.32861 4.82905
9.75 0.0099039 2.32864 4.82908
9.76 0.0099038 2.32868 4.82912
9.77 0.00990371 2.32872 4.82915
9.78 0.00990361 2.32875 4.82919
9.79 0.00990351 2.32879 4.82922
9.8 0.00990342 2.32883 4.82926
9.81 0.00990332 2.32886 4.8293
9.82 0.00990322 2.3289 4.82933
9.83 0.00990312 2.32893 4.82937
9.84 0.00990303 2.32897 4.8294
9.85 0.00990293 2.32901 4.82944
9.86 0.00990283 2.32904 4.82947
9.87 0.00990274 2.32908 4.82951
9.88 0.00990264 2.32911 4.82954
9.89 0.00990254 2.32915 4.82958
9.9 0.00990244 2.32918 4.82961
9.91 0.00990235 2.32922 4.82965
9.92 0.00990225 2.32925 4.82968
9.93 0.00990215 2.32929 4.82972
9.94 0.00990206 2.32933 4.82975
9.95 0.00990196 2.32936 4.82979
9.96 0.00990186 2.3294 4.82982
9.97 0.00990177 2.32943 4.82985
9.98 0.00990167 2.32947 4.82989
9.99 0.00990157 2.3295 4.82992
10 0.00990147 2.32954 4.82996
