0 100 5 0 0 0 
0.125 95.0336 3.63341 0.0922433 5.67336 0.567336 
0.25 91.6681 2.53732 0.109017 9.71411 0.971411 
0.375 89.4313 1.72621 0.0964467 12.4964 1.24964 
0.5 87.9603 1.15461 0.0759767 14.3719 1.43719 
0.625 86.9986 0.763833 0.056317 15.6193 1.56193 
0.75 86.3719 0.501726 0.0402564 16.4419 1.64419 
0.875 85.9644 0.328043 0.0281093 16.9813 1.69813 
1 85.6997 0.213844 0.0193155 17.3337 1.73337 
1.125 85.5279 0.13913 0.0131215 17.5635 1.75635 
1.25 85.4164 0.0904061 0.00883839 17.713 1.7713 
1.375 85.3441 0.0586978 0.00591481 17.8102 1.78102 
1.5 85.2972 0.0380905 0.00393819 17.8734 1.78734 
1.625 85.2668 0.0247094 0.00261146 17.9144 1.79144 
1.75 85.2471 0.0160255 0.00172594 17.941 1.7941 
1.875 85.2343 0.010392 0.00113758 17.9583 1.79583 
2 85.226 0.00673822 0.000748067 17.9695 1.79695 
2.125 85.2207 0.00436883 0.000490979 17.9768 1.79768 
2.25 85.2172 0.00283249 0.000321717 17.9815 1.79815 
2.375 85.2149 0.00183637 0.000210512 17.9846 1.79846 
2.5 85.2135 0.00119054 0.000137581 17.9865 1.79865 
2.625 85.2125 0.000771835 8.98239e-05 17.9878 1.79878 
2.75 85.2119 0.000500382 5.85918e-05 17.9887 1.79887 
2.875 85.2115 0.000324397 3.81895e-05 17.9892 1.79892 
3 85.2112 0.000210305 2.48748e-05 17.9896 1.79896 
3.125 85.2111 0.00013634 1.61928e-05 17.9898 1.79898 
3.25 85.211 8.83885e-05 1.05356e-05 17.9899 1.79899 
3.375 85.2109 5.73018e-05 6.85183e-06 17.99 1.799 
3.5 85.2109 3.71484e-05 4.45434e-06 17.9901 1.79901 
3.625 85.2108 2.4083e-05 2.89476e-06 17.9901 1.79901 
3.75 85.2108 1.56129e-05 1.88067e-06 17.9902 1.79902 
3.875 85.2108 1.01217e-05 1.22151e-06 17.9902 1.79902 
4 85.2108 6.56185e-06 7.93203e-07 17.9902 1.79902 
4.125 85.2108 4.254e-06 5.14973e-07 17.9902 1.79902 
4.25 85.2108 2.75784e-06 3.34278e-07 17.9902 1.79902 
4.375 85.2108 1.78789e-06 2.16952e-07 17.9902 1.79902 
4.5 85.2108 1.15908e-06 1.40787e-07 17.9902 1.79902 
4.625 85.2108 7.51421e-07 9.13499e-08 17.9902 1.79902 
4.75 85.2108 4.87141e-07 5.92665e-08 17.9902 1.79902 
4.875 85.2108 3.1581e-07 3.84477e-08 17.9902 1.79902 
5 85.2108 2.04738e-07 2.494e-08 17.9902 1.79902 
5.125 85.2108 1.3273e-07 1.61767e-08 17.9902 1.79902 
5.25 85.2108 8.6048e-08 1.0492e-08 17.9902 1.79902 
5.375 85.2108 5.57843e-08 6.80462e-09 17.9902 1.79902 
5.5 85.2108 3.61646e-08 4.41293e-09 17.9902 1.79902 
5.625 85.2108 2.34453e-08 2.86176e-09 17.9902 1.79902 
5.75 85.2108 1.51994e-08 1.85576e-09 17.9902 1.79902 
5.875 85.2108 9.85367e-09 1.20336e-09 17.9902 1.79902 
6 85.2108 6.38807e-09 7.80296e-10 17.9902 1.79902 
6.125 85.2108 4.14134e-09 5.05954e-10 17.9902 1.79902 
6.25 85.2108 2.6848e-09 3.28059e-10 17.9902 1.79902 
6.375 85.2108 1.74054e-09 2.12709e-10 17.9902 1.79902 
6.5 85.2108 1.12838e-09 1.37915e-10 17.9902 1.79902 
6.625 85.2108 7.31521e-10 8.94193e-11 17.9902 1.79902 
6.75 85.2108 4.7424e-10 5.79755e-11 17.9902 1.79902 
6.875 85.2108 3.07447e-10 3.75884e-11 17.9902 1.79902 
7 85.2108 1.99316e-10 2.43701e-11 17.9902 1.79902 
7.125 85.2108 1.29215e-10 1.58e-11 17.9902 1.79902 
7.25 85.2108 8.37691e-11 1.02436e-11 17.9902 1.79902 
7.375 85.2108 5.4307e-11 6.64122e-12 17.9902 1.79902 
7.5 85.2108 3.52068e-11 4.30565e-12 17.9902 1.79902 
7.625 85.2108 2.28243e-11 2.79144e-12 17.9902 1.79902 
7.75 85.2108 1.47969e-11 1.80973e-12 17.9902 1.79902 
7.875 85.2108 9.59271e-12 1.17327e-12 17.9902 1.79902 
8 85.2108 6.21889e-12 7.60645e-13 17.9902 1.79902 
8.125 85.2108 4.03166e-12 4.93133e-13 17.9902 1.79902 
8.25 85.2108 2.6137e-12 3.19701e-13 17.9902 1.79902 
8.375 85.2108 1.69444e-12 2.07264e-13 17.9902 1.79902 
8.5 85.2108 1.0985e-12 1.3437e-13 17.9902 1.79902 
8.625 85.2108 7.12148e-13 8.71124e-14 17.9902 1.79902 
8.75 85.2108 4.6168e-13 5.6475e-14 17.9902 1.79902 
8.875 85.2108 2.99304e-13 3.66128e-14 17.9902 1.79902 
9 85.2108 1.94037e-13 2.37361e-14 17.9902 1.79902 
9.125 85.2108 1.25793e-13 1.53881e-14 17.9902 1.79902 
9.25 85.2108 8.15506e-14 9.97604e-15 17.9902 1.79902 
9.375 85.2108 5.28687e-14 6.46744e-15 17.9902 1.79902 
9.5 85.2108 3.42744e-14 4.19282e-15 17.9902 1.79902 
9.625 85.2108 2.22199e-14 2.71819e-15 17.9902 1.79902 
9.75 85.2108 1.4405e-14 1.76219e-15 17.9902 1.79902 
9.875 85.2108 9.33866e-15 1.14242e-15 17.9902 1.79902 
10 85.2108 6.05419e-15 7.40627e-16 17.9902 1.79902 
