0 0.01 0.25 0.5
0.01 0.0099999 0.824192 1.26655
0.02 0.0099998 1.10294 3.58625
0.03 0.0099997 1.27483 3.76384
0.04 0.0099996 1.39351 3.88561
0.05 0.0099995 1.48149 3.97548
0.06 0.0099994 1.54998 4.04521
0.07 0.0099993 1.60521 4.10131
0.08 0.0099992 1.65095 4.14769
0.09 0.0099991 1.68964 4.18685
0.1 0.009999 1.7229 4.22049
0.11 0.0099989 1.75191 4.2498
0.12 0.0099988 1.77749 4.27561
0.13 0.0099987 1.80026 4.29859
0.14 0.0099986 1.82071 4.3192
0.15 0.0099985 1.8392 4.33784
0.16 0.0099984 1.85603 4.35479
0.17 0.0099983 1.87144 4.37029
0.18 0.0099982 1.8856 4.38455
0.19 0.0099981 1.89869 4.39771
0.2 0.009998 1.91082 4.40991
0.21 0.0099979 1.92212 4.42127
0.22 0.0099978 1.93267 4.43187
0.23 0.0099977 1.94255 4.4418
0.24 0.0099976 1.95182 4.45113
0.25 0.0099975 1.96056 4.4599
0.26 0.0099974 1.96881 4.46818
0.27 0.0099973 1.9766 4.47601
0.28 0.0099972 1.98399 4.48343
0.29 0.0099971 1.99101 4.49048
0.3 0.009997 1.99768 4.49718
0.31 0.0099969 2.00404 4.50356
0.32 0.0099968 2.0101 4.50964
0.33 0.0099967 2.0159 4.51546
0.34 0.0099966 2.02144 4.52102
0.35 0.0099965 2.02675 4.52635
0.36 0.0099964 2.03184 4.53146
0.37 0.0099963 2.03673 4.53636
0.38 0.0099962 2.04143 4.54108
0.39 0.0099961 2.04595 4.54561
0.4 0.009996 2.05031 4.54998
0.41 0.0099959 2.05451 4.55419
0.42 0.0099958 2.05856 4.55825
0.43 0.0099957 2.06247 4.56217
0.44 0.0099956 2.06625 4.56596
0.45 0.0099955 2.06991 4.56963
0.46 0.0099954 2.07345 4.57318
0.47 0.0099953 2.07687 4.57661
0.48 0.0099952 2.0802 4.57994
0.49 0.0099951 2.08342 4.58317
0.5 0.009995 2.08654 4.5863
0.51 0.0099949 2.08958 4.58935
0.52 0.0099948 2.09253 4.5923
0.53 0.0099947 2.09539 4.59517
0.54 0.0099946 2.09818 4.59797
0.55 0.0099945 2.10089 4.60068
0.56 0.0099944 2.10353 4.60333
0.57 0.0099943 2.1061 4.60591
0.58 0.00999421 2.10861 4.60842
0.59 0.00999411 2.11105 4.61087
0.6 0.00999401 2.11343 4.61325
0.61 0.00999391 2.11576 4.61558
0.62 0.00999381 2.11803 4.61785
0.63 0.00999371 2.12024 4.62007
0.64 0.00999361 2.12241 4.62224
0.65 0.00999351 2.12452 4.62436
0.66 0.00999341 2.12659 4.62643
0.67 0.00999331 2.12861 4.62846
0.68 0.00999321 2.13059 4.63044
0.69 0.00999311 2.13252 4.63237
0.7 0.00999301 2.13441 4.63427
0.71 0.00999291 2.13627 4.63613
0.72 0.00999281 2.13808 4.63794
0.73 0.00999271 2.13986 4.63973
0.74 0.00999261 2.1416 4.64147
0.75 0.00999251 2.14331 4.64318
0.76 0.00999241 2.14499 4.64486
0.77 0.00999231 2.14663 4.6465
0.78 0.00999221 2.14824 4.64812
0.79 0.00999211 2.14982 4.6497
0.8 0.00999201 2.15137 4.65125
0.81 0.00999191 2.1529 4.65278
0.82 0.00999181 2.15439 4.65428
0.83 0.00999171 2.15586 4.65575
0.84 0.00999161 2.1573 4.65719
0.85 0.00999151 2.15872 4.65861
0.86 0.00999141 2.16011 4.66
0.87 0.00999131 2.16148 4.66137
0.88 0.00999121 2.16282 4.66272
0.89 0.00999111 2.16415 4.66405
0.9 0.00999101 2.16545 4.66535
0.91 0.00999091 2.16673 4.66663
0.92 0.00999081 2.16799 4.66789
0.93 0.00999071 2.16923 4.66913
0.94 0.00999061 2.17045 4.67035
0.95 0.00999051 2.17165 4.67155
0.96 0.00999041 2.17283 4.67274
0.97 0.00999031 2.17399 4.6739
0.98 0.00999021 2.17514 4.67505
0.99 0.00999011 2.17626 4.67618
1 0.00999001 2.17738 4.67729
1.01 0.00998992 2.17847 4.67839
1.02 0.00998982 2.17955 4.67947
1.03 0.00998972 2.18061 4.68053
1.04 0.00998962 2.18166 4.68158
1.05 0.00998952 2.1827 4.68262
1.06 0.00998942 2.18371 4.68364
1.07 0.00998932 2.18472 4.68464
1.08 0.00998922 2.18571 4.68563
1.09 0.00998912 2.18669 4.68661
1.1 0.00998902 2.18765 4.68758
1.11 0.00998892 2.1886 4.68853
1.12 0.00998882 2.18954 4.68947
1.13 0.00998872 2.19047 4.6904
1.14 0.00998862 2.19138 4.69131
1.15 0.00998852 2.19228 4.69221
1.16 0.00998842 2.19317 4.69311
1.17 0.00998832 2.19405 4.69399
1.18 0.00998822 2.19492 4.69485
1.19 0.00998812 2.19578 4.69571
1.2 0.00998802 2.19662 4.69656
1.21 0.00998792 2.19746 4.6974
1.22 0.00998782 2.19829 4.69822
1.23 0.00998772 2.1991 4.69904
1.24 0.00998762 2.19991 4.69985
1.25 0.00998752 2.2007 4.70064
1.26 0.00998742 2.20149 4.70143
1.27 0.00998732 2.20227 4.70221
1.28 0.00998722 2.20304 4.70298
1.29 0.00998712 2.2038 4.70374
1.3 0.00998703 2.20455 4.70449
1.31 0.00998693 2.20529 4.70523
1.32 0.00998683 2.20602 4.70597
1.33 0.00998673 2.20675 4.70669
1.34 0.00998663 2.20747 4.70741
1.35 0.00998653 2.20818 4.70812
1.36 0.00998643 2.20888 4.70883
1.37 0.00998633 2.20957 4.70952
1.38 0.00998623 2.21026 4.71021
1.39 0.00998613 2.21094 4.71089
1.4 0.00998603 2.21161 4.71156
1.41 0.00998593 2.21228 4.71223
1.42 0.00998583 2.21293 4.71288
1.43 0.00998573 2.21359 4.71354
1.44 0.00998563 2.21423 4.71418
1.45 0.00998553 2.21487 4.71482
1.46 0.00998543 2.2155 4.71545
1.47 0.00998533 2.21612 4.71608
1.48 0.00998523 2.21674 4.7167
1.49 0.00998513 2.21736 4.71731
1.5 0.00998503 2.21796 4.71791
1.51 0.00998493 2.21856 4.71852
1.52 0.00998483 2.21916 4.71911
1.53 0.00998474 2.21974 4.7197
1.54 0.00998464 2.22033 4.72028
1.55 0.00998454 2.2209 4.72086
1.56 0.00998444 2.22148 4.72143
1.57 0.00998434 2.22204 4.722
1.58 0.00998424 2.2226 4.72256
1.59 0.00998414 2.22316 4.72312
1.6 0.00998404 2.22371 4.72367
1.61 0.00998394 2.22426 4.72421
1.62 0.00998384 2.2248 4.72475
1.63 0.00998374 2.22533 4.72529
1.64 0.00998364 2.22586 4.72582
1.65 0.00998354 2.22639 4.72635
1.66 0.00998344 2.22691 4.72687
1.67 0.00998334 2.22742 4.72738
1.68 0.00998324 2.22794 4.7279
1.69 0.00998314 2.22844 4.7284
1.7 0.00998304 2.22895 4.72891
1.71 0.00998294 2.22944 4.72941
1.72 0.00998284 2.22994 4.7299
1.73 0.00998274 2.23043 4.73039
1.74 0.00998265 2.23091 4.73088
1.75 0.00998255 2.23139 4.73136
1.76 0.00998245 2.23187 4.73183
1.77 0.00998235 2.23235 4.73231
1.78 0.00998225 2.23281 4.73278
1.79 0.00998215 2.23328 4.73324
1.8 0.00998205 2.23374 4.73371
1.81 0.00998195 2.2342 4.73416
1.82 0.00998185 2.23465 4.73462
1.83 0.00998175 2.2351 4.73507
1.84 0.00998165 2.23555 4.73552
1.85 0.00998155 2.23599 4.73596
1.86 0.00998145 2.23643 4.7364
1.87 0.00998135 2.23687 4.73683
1.88 0.00998125 2.2373 4.73727
1.89 0.00998115 2.23773 4.7377
1.9 0.00998105 2.23815 4.73812
1.91 0.00998095 2.23858 4.73854
1.92 0.00998086 2.239 4.73896
1.93 0.00998076 2.23941 4.73938
1.94 0.00998066 2.23982 4.73979
1.95 0.00998056 2.24023 4.7402
1.96 0.00998046 2.24064 4.74061
1.97 0.00998036 2.24104 4.74101
1.98 0.00998026 2.24144 4.74141
1.99 0.00998016 2.24184 4.74181
2 0.00998006 2.24223 4.7422
2.01 0.00997996 2.24263 4.7426
2.02 0.00997986 2.24301 4.74298
2.03 0.00997976 2.2434 4.74337
2.04 0.00997966 2.24378 4.74375
2.05 0.00997956 2.24416 4.74413
2.06 0.00997946 2.24454 4.74451
2.07 0.00997936 2.24491 4.74488
2.08 0.00997926 2.24528 4.74526
2.09 0.00997917 2.24565 4.74563
2.1 0.00997907 2.24602 4.74599
2.11 0.00997897 2.24638 4.74636
2.12 0.00997887 2.24675 4.74672
2.13 0.00997877 2.2471 4.74708
2.14 0.00997867 2.24746 4.74743
2.15 0.00997857 2.24781 4.74779
2.16 0.00997847 2.24817 4.74814
2.17 0.00997837 2.24851 4.74849
2.18 0.00997827 2.24886 4.74883
2.19 0.00997817 2.2492 4.74918
2.2 0.00997807 2.24955 4.74952
2.21 0.00997797 2.24989 4.74986
2.22 0.00997787 2.25022 4.7502
2.23 0.00997777 2.25056 4.75053
2.24 0.00997767 2.25089 4.75086
2.25 0.00997758 2.25122 4.7512
2.26 0.00997748 2.25155 4.75152
2.27 0.00997738 2.25188 4.75185
2.28 0.00997728 2.2522 4.75217
2.29 0.00997718 2.25252 4.7525
2.3 0.00997708 2.25284 4.75282
2.31 0.00997698 2.25316 4.75313
2.32 0.00997688 2.25347 4.75345
2.33 0.00997678 2.25379 4.75376
2.34 0.00997668 2.2541 4.75407
2.35 0.00997658 2.25441 4.75438
2.36 0.00997648 2.25472 4.75469
2.37 0.00997638 2.25502 4.755
2.38 0.00997628 2.25533 4.7553
2.39 0.00997619 2.25563 4.7556
2.4 0.00997609 2.25593 4.7559
2.41 0.00997599 2.25623 4.7562
2.42 0.00997589 2.25652 4.7565
2.43 0.00997579 2.25682 4.75679
2.44 0.00997569 2.25711 4.75709
2.45 0.00997559 2.2574 4.75738
2.46 0.00997549 2.25769 4.75767
2.47 0.00997539 2.25798 4.75795
2.48 0.00997529 2.25826 4.75824
2.49 0.00997519 2.25855 4.75852
2.5 0.00997509 2.25883 4.75881
2.51 0.00997499 2.25911 4.75909
2.52 0.00997489 2.25939 4.75937
2.53 0.0099748 2.25966 4.75964
2.54 0.0099747 2.25994 4.75992
2.55 0.0099746 2.26021 4.76019
2.56 0.0099745 2.26049 4.76047
2.57 0.0099744 2.26076 4.76074
2.58 0.0099743 2.26103 4.76101
2.59 0.0099742 2.26129 4.76127
2.6 0.0099741 2.26156 4.76154
2.61 0.009974 2.26182 4.7618
2.62 0.0099739 2.26209 4.76207
2.63 0.0099738 2.26235 4.76233
2.64 0.0099737 2.26261 4.76259
2.65 0.0099736 2.26287 4.76285
2.66 0.00997351 2.26313 4.76311
2.67 0.00997341 2.26338 4.76336
2.68 0.00997331 2.26364 4.76362
2.69 0.00997321 2.26389 4.76387
2.7 0.00997311 2.26414 4.76412
2.71 0.00997301 2.26439 4.76437
2.72 0.00997291 2.26464 4.76462
2.73 0.00997281 2.26489 4.76487
2.74 0.00997271 2.26513 4.76511
2.75 0.00997261 2.26538 4.76536
2.76 0.00997251 2.26562 4.7656
2.77 0.00997241 2.26586 4.76584
2.78 0.00997232 2.2661 4.76608
2.79 0.00997222 2.26634 4.76632
2.8 0.00997212 2.26658 4.76656
2.81 0.00997202 2.26682 4.7668
2.82 0.00997192 2.26705 4.76703
2.83 0.00997182 2.26729 4.76727
2.84 0.00997172 2.26752 4.7675
2.85 0.00997162 2.26775 4.76773
2.86 0.00997152 2.26798 4.76796
2.87 0.00997142 2.26821 4.76819
2.88 0.00997132 2.26844 4.76842
2.89 0.00997122 2.26867 4.76865
2.9 0.00997113 2.26889 4.76888
2.91 0.00997103 2.26912 4.7691
2.92 0.00997093 2.26934 4.76932
2.93 0.00997083 2.26956 4.76955
2.94 0.00997073 2.26979 4.76977
2.95 0.00997063 2.27001 4.76999
2.96 0.00997053 2.27022 4.77021
2.97 0.00997043 2.27044 4.77043
2.98 0.00997033 2.27066 4.77064
2.99 0.00997023 2.27088 4.77086
3 0.00997013 2.27109 4.77107
3.01 0.00997004 2.2713 4.77129
3.02 0.00996994 2.27152 4.7715
3.03 0.00996984 2.27173 4.77171
3.04 0.00996974 2.27194 4.77192
3.05 0.00996964 2.27215 4.77213
3.06 0.00996954 2.27236 4.77234
3.07 0.00996944 2.27256 4.77255
3.08 0.00996934 2.27277 4.77275
3.09 0.00996924 2.27298 4.77296
3.1 0.00996914 2.27318 4.77316
3.11 0.00996904 2.27338 4.77337
3.12 0.00996895 2.27359 4.77357
3.13 0.00996885 2.27379 4.77377
3.14 0.00996875 2.27399 4.77397
3.15 0.00996865 2.27419 4.77417
3.16 0.00996855 2.27439 4.77437
3.17 0.00996845 2.27458 4.77457
3.18 0.00996835 2.27478 4.77477
3.19 0.00996825 2.27498 4.77496
3.2 0.00996815 2.27517 4.77516
3.21 0.00996805 2.27537 4.77535
3.22 0.00996795 2.27556 4.77554
3.23 0.00996786 2.27575 4.77574
3.24 0.00996776 2.27594 4.77593
3.25 0.00996766 2.27613 4.77612
3.26 0.00996756 2.27632 4.77631
3.27 0.00996746 2.27651 4.7765
3.28 0.00996736 2.2767 4.77669
3.29 0.00996726 2.27689 4.77687
3.3 0.00996716 2.27707 4.77706
3.31 0.00996706 2.27726 4.77724
3.32 0.00996696 2.27744 4.77743
3.33 0.00996687 2.27763 4.77761
3.34 0.00996677 2.27781 4.7778
3.35 0.00996667 2.27799 4.77798
3.36 0.00996657 2.27817 4.77816
3.37 0.00996647 2.27835 4.77834
3.38 0.00996637 2.27853 4.77852
3.39 0.00996627 2.27871 4.7787
3.4 0.00996617 2.27889 4.77888
3.41 0.00996607 2.27907 4.77905
3.42 0.00996597 2.27924 4.77923
3.43 0.00996588 2.27942 4.77941
3.44 0.00996578 2.27959 4.77958
3.45 0.00996568 2.27977 4.77975
3.46 0.00996558 2.27994 4.77993
3.47 0.00996548 2.28011 4.7801
3.48 0.00996538 2.28029 4.78027
3.49 0.00996528 2.28046 4.78044
3.5 0.00996518 2.28063 4.78061
3.51 0.00996508 2.2808 4.78078
3.52 0.00996498 2.28097 4.78095
3.53 0.00996489 2.28113 4.78112
3.54 0.00996479 2.2813 4.78129
3.55 0.00996469 2.28147 4.78146
3.56 0.00996459 2.28164 4.78162
3.57 0.00996449 2.2818 4.78179
3.58 0.00996439 2.28197 4.78195
3.59 0.00996429 2.28213 4.78212
3.6 0.00996419 2.28229 4.78228
3.61 0.00996409 2.28246 4.78244
3.62 0.009964 2.28262 4.78261
3.63 0.0099639 2.28278 4.78277
3.64 0.0099638 2.28294 4.78293
3.65 0.0099637 2.2831 4.78309
3.66 0.0099636 2.28326 4.78325
3.67 0.0099635 2.28342 4.78341
3.68 0.0099634 2.28358 4.78356
3.69 0.0099633 2.28373 4.78372
3.7 0.0099632 2.28389 4.78388
3.71 0.00996311 2.28405 4.78404
3.72 0.00996301 2.2842 4.78419
3.73 0.00996291 2.28436 4.78435
3.74 0.00996281 2.28451 4.7845
3.75 0.00996271 2.28467 4.78465
3.76 0.00996261 2.28482 4.78481
3.77 0.00996251 2.28497 4.78496
3.78 0.00996241 2.28512 4.78511
3.79 0.00996231 2.28527 4.78526
3.8 0.00996222 2.28543 4.78541
3.81 0.00996212 2.28558 4.78556
3.82 0.00996202 2.28572 4.78571
3.83 0.00996192 2.28587 4.78586
3.84 0.00996182 2.28602 4.78601
3.85 0.00996172 2.28617 4.78616
3.86 0.00996162 2.28632 4.78631
3.87 0.00996152 2.28646 4.78645
3.88 0.00996142 2.28661 4.7866
3.89 0.00996133 2.28676 4.78674
3.9 0.00996123 2.2869 4.78689
3.91 0.00996113 2.28704 4.78703
3.92 0.00996103 2.28719 4.78718
3.93 0.00996093 2.28733 4.78732
3.94 0.00996083 2.28747 4.78746
3.95 0.00996073 2.28762 4.78761
3.96 0.00996063 2.28776 4.78775
3.97 0.00996053 2.2879 4.78789
3.98 0.00996044 2.28804 4.78803
3.99 0.00996034 2.28818 4.78817
4 0.00996024 2.28832 4.78831
4.01 0.00996014 2.28846 4.78845
4.02 0.00996004 2.2886 4.78859
4.03 0.00995994 2.28874 4.78872
4.04 0.00995984 2.28887 4.78886
4.05 0.00995974 2.28901 4.789
4.06 0.00995965 2.28915 4.78914
4.07 0.00995955 2.28928 4.78927
4.08 0.00995945 2.28942 4.78941
4.09 0.00995935 2.28955 4.78954
4.1 0.00995925 2.28969 4.78968
4.11 0.00995915 2.28982 4.78981
4.12 0.00995905 2.28995 4.78994
4.13 0.00995895 2.29009 4.79008
4.14 0.00995886 2.29022 4.79021
4.15 0.00995876 2.29035 4.79034
4.16 0.00995866 2.29048 4.79047
4.17 0.00995856 2.29062 4.7906
4.18 0.00995846 2.29075 4.79074
4.19 0.00995836 2.29088 4.79087
4.2 0.00995826 2.29101 4.791
4.21 0.00995816 2.29113 4.79112
4.22 0.00995807 2.29126 4.79125
4.23 0.00995797 2.29139 4.79138
4.24 0.00995787 2.29152 4.79151
4.25 0.00995777 2.29165 4.79164
4.26 0.00995767 2.29177 4.79176
4.27 0.00995757 2.2919 4.79189
4.28 0.00995747 2.29203 4.79202
4.29 0.00995737 2.29215 4.79214
4.3 0.00995728 2.29228 4.79227
4.31 0.00995718 2.2924 4.79239
4.32 0.00995708 2.29253 4.79252
4.33 0.00995698 2.29265 4.79264
4.34 0.00995688 2.29277 4.79276
4.35 0.00995678 2.2929 4.79289
4.36 0.00995668 2.29302 4.79301
4.37 0.00995658 2.29314 4.79313
4.38 0.00995649 2.29326 4.79325
4.39 0.00995639 2.29339 4.79338
4.4 0.00995629 2.29351 4.7935
4.41 0.00995619 2.29363 4.79362
4.42 0.00995609 2.29375 4.79374
4.43 0.00995599 2.29387 4.79386
4.44 0.00995589 2.29399 4.79398
4.45 0.00995579 2.29411 4.7941
4.46 0.0099557 2.29422 4.79421
4.47 0.0099556 2.29434 4.79433
4.48 0.0099555 2.29446 4.79445
4.49 0.0099554 2.29458 4.79457
4.5 0.0099553 2.29469 4.79468
4.51 0.0099552 2.29481 4.7948
4.52 0.0099551 2.29493 4.79492
4.53 0.00995501 2.29504 4.79503
4.54 0.00995491 2.29516 4.79515
4.55 0.00995481 2.29527 4.79526
4.56 0.00995471 2.29539 4.79538
4.57 0.00995461 2.2955 4.79549
4.58 0.00995451 2.29562 4.79561
4.59 0.00995441 2.29573 4.79572
4.6 0.00995431 2.29584 4.79583
4.61 0.00995422 2.29596 4.79595
4.62 0.00995412 2.29607 4.79606
4.63 0.00995402 2.29618 4.79617
4.64 0.00995392 2.29629 4.79628
4.65 0.00995382 2.2964 4.79639
4.66 0.00995372 2.29651 4.79651
4.67 0.00995362 2.29662 4.79662
4.68 0.00995353 2.29674 4.79673
4.69 0.00995343 2.29685 4.79684
4.7 0.00995333 2.29695 4.79695
4.71 0.00995323 2.29706 4.79706
4.72 0.00995313 2.29717 4.79716
4.73 0.00995303 2.29728 4.79727
4.74 0.00995293 2.29739 4.79738
4.75 0.00995284 2.2975 4.79749
4.76 0.00995274 2.2976 4.7976
4.77 0.00995264 2.29771 4.7977
4.78 0.00995254 2.29782 4.79781
4.79 0.00995244 2.29793 4.79792
4.8 0.00995234 2.29803 4.79802
4.81 0.00995224 2.29814 4.79813
4.82 0.00995215 2.29824 4.79823
4.83 0.00995205 2.29835 4.79834
4.84 0.00995195 2.29845 4.79845
4.85 0.00995185 2.29856 4.79855
4.86 0.00995175 2.29866 4.79865
4.87 0.00995165 2.29877 4.79876
4.88 0.00995155 2.29887 4.79886
4.89 0.00995146 2.29897 4.79896
4.9 0.00995136 2.29908 4.79907
4.91 0.00995126 2.29918 4.79917
4.92 0.00995116 2.29928 4.79927
4.93 0.00995106 2.29938 4.79937
4.94 0.00995096 2.29948 4.79948
4.95 0.00995086 2.29959 4.79958
4.96 0.00995077 2.29969 4.79968
4.97 0.00995067 2.29979 4.79978
4.98 0.00995057 2.29989 4.79988
4.99 0.00995047 2.29999 4.79998
5 0.00995037 2.30009 4.80008
5.01 0.00995027 2.30019 4.80018
5.02 0.00995017 2.30029 4.80028
5.03 0.00995008 2.30039 4.80038
5.04 0.00994998 2.30048 4.80048
5.05 0.00994988 2.30058 4.80058
5.06 0.00994978 2.30068 4.80067
5.07 0.00994968 2.30078 4.80077
5.08 0.00994958 2.30088 4.80087
5.09 0.00994949 2.30097 4.80097
5.1 0.00994939 2.30107 4.80106
5.11 0.00994929 2.30117 4.80116
5.12 0.00994919 2.30126 4.80126
5.13 0.00994909 2.30136 4.80135
5.14 0.00994899 2.30146 4.80145
5.15 0.00994889 2.30155 4.80154
5.16 0.0099488 2.30165 4.80164
5.17 0.0099487 2.30174 4.80173
5.18 0.0099486 2.30184 4.80183
5.19 0.0099485 2.30193 4.80192
5.2 0.0099484 2.30203 4.80202
5.21 0.0099483 2.30212 4.80211
5.22 0.00994821 2.30221 4.80221
5.23 0.00994811 2.30231 4.8023
5.24 0.00994801 2.3024 4.80239
5.25 0.00994791 2.30249 4.80248
5.26 0.00994781 2.30258 4.80258
5.27 0.00994771 2.30268 4.80267
5.28 0.00994761 2.30277 4.80276
5.29 0.00994752 2.30286 4.80285
5.3 0.00994742 2.30295 4.80295
5.31 0.00994732 2.30304 4.80304
5.32 0.00994722 2.30313 4.80313
5.33 0.00994712 2.30323 4.80322
5.34 0.00994702 2.30332 4.80331
5.35 0.00994693 2.30341 4.8034
5.36 0.00994683 2.3035 4.80349
5.37 0.00994673 2.30359 4.80358
5.38 0.00994663 2.30368 4.80367
5.39 0.00994653 2.30376 4.80376
5.4 0.00994643 2.30385 4.80385
5.41 0.00994634 2.30394 4.80394
5.42 0.00994624 2.30403 4.80402
5.43 0.00994614 2.30412 4.80411
5.44 0.00994604 2.30421 4.8042
5.45 0.00994594 2.30429 4.80429
5.46 0.00994584 2.30438 4.80438
5.47 0.00994574 2.30447 4.80446
5.48 0.00994565 2.30456 4.80455
5.49 0.00994555 2.30464 4.80464
5.5 0.00994545 2.30473 4.80472
5.51 0.00994535 2.30482 4.80481
5.52 0.00994525 2.3049 4.8049
5.53 0.00994515 2.30499 4.80498
5.54 0.00994506 2.30507 4.80507
5.55 0.00994496 2.30516 4.80515
5.56 0.00994486 2.30524 4.80524
5.57 0.00994476 2.30533 4.80532
5.58 0.00994466 2.30541 4.80541
5.59 0.00994456 2.3055 4.80549
5.6 0.00994447 2.30558 4.80558
5.61 0.00994437 2.30567 4.80566
5.62 0.00994427 2.30575 4.80574
5.63 0.00994417 2.30583 4.80583
5.64 0.00994407 2.30592 4.80591
5.65 0.00994397 2.306 4.80599
5.66 0.00994388 2.30608 4.80608
5.67 0.00994378 2.30617 4.80616
5.68 0.00994368 2.30625 4.80624
5.69 0.00994358 2.30633 4.80633
5.7 0.00994348 2.30641 4.80641
5.71 0.00994338 2.3065 4.80649
5.72 0.00994329 2.30658 4.80657
5.73 0.00994319 2.30666 4.80665
5.74 0.00994309 2.30674 4.80673
5.75 0.00994299 2.30682 4.80681
5.76 0.00994289 2.3069 4.8069
5.77 0.00994279 2.30698 4.80698
5.78 0.0099427 2.30706 4.80706
5.79 0.0099426 2.30714 4.80714
5.8 0.0099425 2.30722 4.80722
5.81 0.0099424 2.3073 4.8073
5.82 0.0099423 2.30738 4.80738
5.83 0.0099422 2.30746 4.80746
5.84 0.00994211 2.30754 4.80753
5.85 0.00994201 2.30762 4.80761
5.86 0.00994191 2.3077 4.80769
5.87 0.00994181 2.30778 4.80777
5.88 0.00994171 2.30786 4.80785
5.89 0.00994162 2.30793 4.80793
5.9 0.00994152 2.30801 4.80801
5.91 0.00994142 2.30809 4.80808
5.92 0.00994132 2.30817 4.80816
5.93 0.00994122 2.30824 4.80824
5.94 0.00994112 2.30832 4.80832
5.95 0.00994103 2.3084 4.80839
5.96 0.00994093 2.30847 4.80847
5.97 0.00994083 2.30855 4.80855
5.98 0.00994073 2.30863 4.80862
5.99 0.00994063 2.3087 4.8087
6 0.00994053 2.30878 4.80877
6.01 0.00994044 2.30886 4.80885
6.02 0.00994034 2.30893 4.80893
6.03 0.00994024 2.30901 4.809
6.04 0.00994014 2.30908 4.80908
6.05 0.00994004 2.30916 4.80915
6.06 0.00993995 2.30923 4.80923
6.07 0.00993985 2.30931 4.8093
6.08 0.00993975 2.30938 4.80938
6.09 0.00993965 2.30946 4.80945
6.1 0.00993955 2.30953 4.80952
6.11 0.00993945 2.3096 4.8096
6.12 0.00993936 2.30968 4.80967
6.13 0.00993926 2.30975 4.80975
6.14 0.00993916 2.30982 4.80982
6.15 0.00993906 2.3099 4.80989
6.16 0.00993896 2.30997 4.80997
6.17 0.00993887 2.31004 4.81004
6.18 0.00993877 2.31012 4.81011
6.19 0.00993867 2.31019 4.81018
6.2 0.00993857 2.31026 4.81026
6.21 0.00993847 2.31033 4.81033
6.22 0.00993837 2.31041 4.8104
6.23 0.00993828 2.31048 4.81047
6.24 0.00993818 2.31055 4.81054
6.25 0.00993808 2.31062 4.81061
6.26 0.00993798 2.31069 4.81069
6.27 0.00993788 2.31076 4.81076
6.28 0.00993779 2.31083 4.81083
6.29 0.00993769 2.3109 4.8109
6.3 0.00993759 2.31098 4.81097
6.31 0.00993749 2.31105 4.81104
6.32 0.00993739 2.31112 4.81111
6.33 0.00993729 2.31119 4.81118
6.34 0.0099372 2.31126 4.81125
6.35 0.0099371 2.31133 4.81132
6.36 0.009937 2.3114 4.81139
6.37 0.0099369 2.31147 4.81146
6.38 0.0099368 2.31153 4.81153
6.39 0.00993671 2.3116 4.8116
6.4 0.00993661 2.31167 4.81167
6.41 0.00993651 2.31174 4.81174
6.42 0.00993641 2.31181 4.8118
6.43 0.00993631 2.31188 4.81187
6.44 0.00993622 2.31195 4.81194
6.45 0.00993612 2.31202 4.81201
6.46 0.00993602 2.31208 4.81208
6.47 0.00993592 2.31215 4.81215
6.48 0.00993582 2.31222 4.81221
6.49 0.00993573 2.31229 4.81228
6.5 0.00993563 2.31235 4.81235
6.51 0.00993553 2.31242 4.81242
6.52 0.00993543 2.31249 4.81248
6.53 0.00993533 2.31256 4.81255
6.54 0.00993523 2.31262 4.81262
6.55 0.00993514 2.31269 4.81268
6.56 0.00993504 2.31275 4.81275
6.57 0.00993494 2.31282 4.81282
6.58 0.00993484 2.31289 4.81288
6.59 0.00993474 2.31295 4.81295
6.6 0.00993465 2.31302 4.81301
6.61 0.00993455 2.31309 4.81308
6.62 0.00993445 2.31315 4.81315
6.63 0.00993435 2.31322 4.81321
6.64 0.00993425 2.31328 4.81328
6.65 0.00993416 2.31335 4.81334
6.66 0.00993406 2.31341 4.81341
6.67 0.00993396 2.31348 4.81347
6.68 0.00993386 2.31354 4.81354
6.69 0.00993376 2.31361 4.8136
6.7 0.00993367 2.31367 4.81367
6.71 0.00993357 2.31373 4.81373
6.72 0.00993347 2.3138 4.81379
6.73 0.00993337 2.31386 4.81386
6.74 0.00993327 2.31393 4.81392
6.75 0.00993318 2.31399 4.81399
6.76 0.00993308 2.31405 4.81405
6.77 0.00993298 2.31412 4.81411
6.78 0.00993288 2.31418 4.81418
6.79 0.00993278 2.31424 4.81424
6.8 0.00993269 2.31431 4.8143
6.81 0.00993259 2.31437 4.81436
6.82 0.00993249 2.31443 4.81443
6.83 0.00993239 2.31449 4.81449
6.84 0.00993229 2.31456 4.81455
6.85 0.0099322 2.31462 4.81461
6.86 0.0099321 2.31468 4.81468
6.87 0.009932 2.31474 4.81474
6.88 0.0099319 2.31481 4.8148
6.89 0.0099318 2.31487 4.81486
6.9 0.00993171 2.31493 4.81492
6.91 0.00993161 2.31499 4.81499
6.92 0.00993151 2.31505 4.81505
6.93 0.00993141 2.31511 4.81511
6.94 0.00993131 2.31517 4.81517
6.95 0.00993122 2.31523 4.81523
6.96 0.00993112 2.3153 4.81529
6.97 0.00993102 2.31536 4.81535
6.98 0.00993092 2.31542 4.81541
6.99 0.00993082 2.31548 4.81547
7 0.00993073 2.31554 4.81553
7.01 0.00993063 2.3156 4.81559
7.02 0.00993053 2.31566 4.81565
7.03 0.00993043 2.31572 4.81571
7.04 0.00993033 2.31578 4.81577
7.05 0.00993024 2.31584 4.81583
7.06 0.00993014 2.3159 4.81589
7.07 0.00993004 2.31596 4.81595
7.08 0.00992994 2.31602 4.81601
7.09 0.00992985 2.31607 4.81607
7.1 0.00992975 2.31613 4.81613
7.11 0.00992965 2.31619 4.81619
7.12 0.00992955 2.31625 4.81625
7.13 0.00992945 2.31631 4.81631
7.14 0.00992936 2.31637 4.81636
7.15 0.00992926 2.31643 4.81642
7.16 0.00992916 2.31649 4.81648
7.17 0.00992906 2.31654 4.81654
7.18 0.00992896 2.3166 4.8166
7.19 0.00992887 2.31666 4.81666
7.2 0.00992877 2.31672 4.81671
7.21 0.00992867 2.31678 4.81677
7.22 0.00992857 2.31683 4.81683
7.23 0.00992847 2.31689 4.81689
7.24 0.00992838 2.31695 4.81694
7.25 0.00992828 2.31701 4.817
7.26 0.00992818 2.31706 4.81706
7.27 0.00992808 2.31712 4.81711
7.28 0.00992799 2.31718 4.81717
7.29 0.00992789 2.31723 4.81723
7.3 0.00992779 2.31729 4.81729
7.31 0.00992769 2.31735 4.81734
7.32 0.00992759 2.3174 4.8174
7.33 0.0099275 2.31746 4.81745
7.34 0.0099274 2.31751 4.81751
7.35 0.0099273 2.31757 4.81757
7.36 0.0099272 2.31763 4.81762
7.37 0.0099271 2.31768 4.81768
7.38 0.00992701 2.31774 4.81773
7.39 0.00992691 2.31779 4.81779
7.4 0.00992681 2.31785 4.81785
7.41 0.00992671 2.3179 4.8179
7.42 0.00992662 2.31796 4.81796
7.43 0.00992652 2.31802 4.81801
7.44 0.00992642 2.31807 4.81807
7.45 0.00992632 2.31813 4.81812
7.46 0.00992622 2.31818 4.81818
7.47 0.00992613 2.31823 4.81823
7.48 0.00992603 2.31829 4.81829
7.49 0.00992593 2.31834 4.81834
7.5 0.00992583 2.3184 4.81839
7.51 0.00992574 2.31845 4.81845
7.52 0.00992564 2.31851 4.8185
7.53 0.00992554 2.31856 4.81856
7.54 0.00992544 2.31861 4.81861
7.55 0.00992534 2.31867 4.81866
7.56 0.00992525 2.31872 4.81872
7.57 0.00992515 2.31878 4.81877
7.58 0.00992505 2.31883 4.81883
7.59 0.00992495 2.31888 4.81888
7.6 0.00992486 2.31894 4.81893
7.61 0.00992476 2.31899 4.81899
7.62 0.00992466 2.31904 4.81904
7.63 0.00992456 2.3191 4.81909
7.64 0.00992446 2.31915 4.81914
7.65 0.00992437 2.3192 4.8192
7.66 0.00992427 2.31925 4.81925
7.67 0.00992417 2.31931 4.8193
7.68 0.00992407 2.31936 4.81936
7.69 0.00992398 2.31941 4.81941
7.7 0.00992388 2.31946 4.81946
7.71 0.00992378 2.31952 4.81951
7.72 0.00992368 2.31957 4.81956
7.73 0.00992358 2.31962 4.81962
7.74 0.00992349 2.31967 4.81967
7.75 0.00992339 2.31972 4.81972
7.76 0.00992329 2.31978 4.81977
7.77 0.00992319 2.31983 4.81982
7.78 0.0099231 2.31988 4.81987
7.79 0.009923 2.31993 4.81993
7.8 0.0099229 2.31998 4.81998
7.81 0.0099228 2.32003 4.82003
7.82 0.00992271 2.32008 4.82008
7.83 0.00992261 2.32013 4.82013
7.84 0.00992251 2.32019 4.82018
7.85 0.00992241 2.32024 4.82023
7.86 0.00992231 2.32029 4.82028
7.87 0.00992222 2.32034 4.82033
7.88 0.00992212 2.32039 4.82038
7.89 0.00992202 2.32044 4.82043
7.9 0.00992192 2.32049 4.82048
7.91 0.00992183 2.32054 4.82054
7.92 0.00992173 2.32059 4.82059
7.93 0.00992163 2.32064 4.82064
7.94 0.00992153 2.32069 4.82069
7.95 0.00992144 2.32074 4.82073
7.96 0.00992134 2.32079 4.82078
7.97 0.00992124 2.32084 4.82083
7.98 0.00992114 2.32089 4.82088
7.99 0.00992105 2.32094 4.82093
8 0.00992095 2.32099 4.82098
8.01 0.00992085 2.32104 4.82103
8.02 0.00992075 2.32109 4.82108
8.03 0.00992065 2.32113 4.82113
8.04 0.00992056 2.32118 4.82118
8.05 0.00992046 2.32123 4.82123
8.06 0.00992036 2.32128 4.82128
8.07 0.00992026 2.32133 4.82133
8.08 0.00992017 2.32138 4.82137
8.09 0.00992007 2.32143 4.82142
8.1 0.00991997 2.32148 4.82147
8.11 0.00991987 2.32152 4.82152
8.12 0.00991978 2.32157 4.82157
8.13 0.00991968 2.32162 4.82162
8.14 0.00991958 2.32167 4.82166
8.15 0.00991948 2.32172 4.82171
8.16 0.00991939 2.32176 4.82176
8.17 0.00991929 2.32181 4.82181
8.18 0.00991919 2.32186 4.82186
8.19 0.00991909 2.32191 4.8219
8.2 0.009919 2.32196 4.82195
8.21 0.0099189 2.322 4.822
8.22 0.0099188 2.32205 4.82205
8.23 0.0099187 2.3221 4.82209
8.24 0.0099186 2.32214 4.82214
8.25 0.00991851 2.32219 4.82219
8.26 0.00991841 2.32224 4.82224
8.27 0.00991831 2.32229 4.82228
8.28 0.00991821 2.32233 4.82233
8.29 0.00991812 2.32238 4.82238
8.3 0.00991802 2.32243 4.82242
8.31 0.00991792 2.32247 4.82247
8.32 0.00991782 2.32252 4.82252
8.33 0.00991773 2.32257 4.82256
8.34 0.00991763 2.32261 4.82261
8.35 0.00991753 2.32266 4.82265
8.36 0.00991743 2.3227 4.8227
8.37 0.00991734 2.32275 4.82275
8.38 0.00991724 2.3228 4.82279
8.39 0.00991714 2.32284 4.82284
8.4 0.00991704 2.32289 4.82289
8.41 0.00991695 2.32293 4.82293
8.42 0.00991685 2.32298 4.82298
8.43 0.00991675 2.32303 4.82302
8.44 0.00991665 2.32307 4.82307
8.45 0.00991656 2.32312 4.82311
8.46 0.00991646 2.32316 4.82316
8.47 0.00991636 2.32321 4.8232
8.48 0.00991626 2.32325 4.82325
8.49 0.00991617 2.3233 4.82329
8.5 0.00991607 2.32334 4.82334
8.51 0.00991597 2.32339 4.82338
8.52 0.00991587 2.32343 4.82343
8.53 0.00991578 2.32348 4.82347
8.54 0.00991568 2.32352 4.82352
8.55 0.00991558 2.32357 4.82356
8.56 0.00991548 2.32361 4.82361
8.57 0.00991539 2.32366 4.82365
8.58 0.00991529 2.3237 4.8237
8.59 0.00991519 2.32375 4.82374
8.6 0.00991509 2.32379 4.82379
8.61 0.009915 2.32383 4.82383
8.62 0.0099149 2.32388 4.82387
8.63 0.0099148 2.32392 4.82392
8.64 0.0099147 2.32397 4.82396
8.65 0.00991461 2.32401 4.82401
8.66 0.00991451 2.32405 4.82405
8.67 0.00991441 2.3241 4.82409
8.68 0.00991431 2.32414 4.82414
8.69 0.00991422 2.32419 4.82418
8.7 0.00991412 2.32423 4.82423
8.71 0.00991402 2.32427 4.82427
8.72 0.00991392 2.32432 4.82431
8.73 0.00991383 2.32436 4.82436
8.74 0.00991373 2.3244 4.8244
8.75 0.00991363 2.32445 4.82444
8.76 0.00991353 2.32449 4.82448
8.77 0.00991344 2.32453 4.82453
8.78 0.00991334 2.32457 4.82457
8.79 0.00991324 2.32462 4.82461
8.8 0.00991314 2.32466 4.82466
8.81 0.00991305 2.3247 4.8247
8.82 0.00991295 2.32475 4.82474
8.83 0.00991285 2.32479 4.82478
8.84 0.00991276 2.32483 4.82483
8.85 0.00991266 2.32487 4.82487
8.86 0.00991256 2.32492 4.82491
8.87 0.00991246 2.32496 4.82495
8.88 0.00991237 2.325 4.825
8.89 0.00991227 2.32504 4.82504
8.9 0.00991217 2.32508 4.82508
8.91 0.00991207 2.32513 4.82512
8.92 0.00991198 2.32517 4.82516
8.93 0.00991188 2.32521 4.82521
8.94 0.00991178 2.32525 4.82525
8.95 0.00991168 2.32529 4.82529
8.96 0.00991159 2.32533 4.82533
8.97 0.00991149 2.32538 4.82537
8.98 0.00991139 2.32542 4.82541
8.99 0.00991129 2.32546 4.82546
9 0.0099112 2.3255 4.8255
9.01 0.0099111 2.32554 4.82554
9.02 0.009911 2.32558 4.82558
9.03 0.0099109 2.32562 4.82562
9.04 0.00991081 2.32567 4.82566
9.05 0.00991071 2.32571 4.8257
9.06 0.00991061 2.32575 4.82574
9.07 0.00991052 2.32579 4.82579
9.08 0.00991042 2.32583 4.82583
9.09 0.00991032 2.32587 4.82587
9.1 0.00991022 2.32591 4.82591
9.11 0.00991013 2.32595 4.82595
9.12 0.00991003 2.32599 4.82599
9.13 0.00990993 2.32603 4.82603
9.14 0.00990983 2.32607 4.82607
9.15 0.00990974 2.32611 4.82611
9.16 0.00990964 2.32615 4.82615
9.17 0.00990954 2.32619 4.82619
9.18 0.00990945 2.32623 4.82623
9.19 0.00990935 2.32627 4.82627
9.2 0.00990925 2.32631 4.82631
9.21 0.00990915 2.32635 4.82635
9.22 0.00990906 2.32639 4.82639
9.23 0.00990896 2.32643 4.82643
9.24 0.00990886 2.32647 4.82647
9.25 0.00990876 2.32651 4.82651
9.26 0.00990867 2.32655 4.82655
9.27 0.00990857 2.32659 4.82659
9.28 0.00990847 2.32663 4.82663
9.29 0.00990837 2.32667 4.82667
9.3 0.00990828 2.32671 4.82671
9.31 0.00990818 2.32675 4.82675
9.32 0.00990808 2.32679 4.82679
9.33 0.00990799 2.32683 4.82683
9.34 0.00990789 2.32687 4.82687
9.35 0.00990779 2.32691 4.8269
9.36 0.00990769 2.32695 4.82694
9.37 0.0099076 2.32699 4.82698
9.38 0.0099075 2.32702 4.82702
9.39 0.0099074 2.32706 4.82706
9.4 0.0099073 2.3271 4.8271
9.41 0.00990721 2.32714 4.82714
9.42 0.00990711 2.32718 4.82718
9.43 0.00990701 2.32722 4.82721
9.44 0.00990692 2.32726 4.82725
9.45 0.00990682 2.32729 4.82729
9.46 0.00990672 2.32733 4.82733
9.47 0.00990662 2.32737 4.82737
9.48 0.00990653 2.32741 4.82741
9.49 0.00990643 2.32745 4.82744
9.5 0.00990633 2.32749 4.82748
9.51 0.00990624 2.32752 4.82752
9.52 0.00990614 2.32756 4.82756
9.53 0.00990604 2.3276 4.8276
9.54 0.00990594 2.32764 4.82764
9.55 0.00990585 2.32768 4.82767
9.56 0.00990575 2.32771 4.82771
9.57 0.00990565 2.32775 4.82775
9.58 0.00990556 2.32779 4.82779
9.59 0.00990546 2.32783 4.82782
9.6 0.00990536 2.32786 4.82786
9.61 0.00990526 2.3279 4.8279
9.62 0.00990517 2.32794 4.82794
9.63 0.00990507 2.32798 4.82797
9.64 0.00990497 2.32801 4.82801
9.65 0.00990487 2.32805 4.82805
9.66 0.00990478 2.32809 4.82809
9.67 0.00990468 2.32813 4.82812
9.68 0.00990458 2.32816 4.82816
9.69 0.00990449 2.3282 4.8282
9.7 0.00990439 2.32824 4.82823
9.71 0.00990429 2.32827 4.82827
9.72 0.00990419 2.32831 4.82831
9.73 0.0099041 2.32835 4.82834
9.74 0.009904 2.32838 4.82838
9.75 0.0099039 2.32842 4.82842
9.76 0.00990381 2.32846 4.82845
9.77 0.00990371 2.32849 4.82849
9.78 0.00990361 2.32853 4.82853
9.79 0.00990351 2.32857 4.82856
9.8 0.00990342 2.3286 4.8286
9.81 0.00990332 2.32864 4.82864
9.82 0.00990322 2.32868 4.82867
9.83 0.00990313 2.32871 4.82871
9.84 0.00990303 2.32875 4.82875
9.85 0.00990293 2.32878 4.82878
9.86 0.00990283 2.32882 4.82882
9.87 0.00990274 2.32886 4.82885
9.88 0.00990264 2.32889 4.82889
9.89 0.00990254 2.32893 4.82893
9.9 0.00990245 2.32896 4.82896
9.91 0.00990235 2.329 4.829
9.92 0.00990225 2.32904 4.82903
9.93 0.00990216 2.32907 4.82907
9.94 0.00990206 2.32911 4.8291
9.95 0.00990196 2.32914 4.82914
9.96 0.00990186 2.32918 4.82918
9.97 0.00990177 2.32921 4.82921
9.98 0.00990167 2.32925 4.82925
9.99 0.00990157 2.32929 4.82928
10 0.00990148 2.32932 4.82932
